2.2794078022,3.94391523211
2.20216770115,4.10385499147
1.98924493827,4.47724015634
1.78629419753,4.38026286619
1.59476988235,4.1573781307
1.46185942529,4.05343538436
1.35510155556,3.90245571627
1.31722967033,3.87547423018
1.3299343617,3.74486141234
1.2405025,3.6494974583
1.28544726316,3.70348396225
1.88823887755,3.7204351656
2.06954540816,3.71014113283
2.1798476087,3.89882179748
2.3291475,4.66417232293
2.43132378049,4.291972911
2.48924229885,3.99170003648
2.47986315217,3.77257240342
2.38153384615,4.56322068558
2.22040969231,5.3618389734
2.11651382022,4.04833826107
2.0489816129,3.92418967652
1.98755175824,4.04599076369
1.86649057471,4.20984533973
1.66529034483,4.15642014297
1.93356152941,4.22347309984
1.787678375,4.47583729705
1.64982654321,4.38659705951
1.58639283951,4.33250250781
1.47277518072,4.22692185545
1.41383177778,3.91011477246
1.35672391304,3.83361323982
1.21432031915,3.74724850556
1.15747376238,3.51318129087
1.06473894231,3.40445583353
1.54049867925,3.38244014493
2.25369,4.38174874824
2.33156721519,4.50687105866
2.28913716049,4.32761400279
2.29942228261,3.80069599758
2.261043375,4.48664959508
2.15051050633,4.22843667917
2.03556245455,3.30423906919
1.88715168142,3.21510588708
1.29563981818,3.26035287378
1.79113242424,3.68296848158
1.9148937234,3.89218621646
1.89252366667,4.0271633649
1.54904333333,3.94903982445
1.61435535714,4.26717772737
1.42513770115,4.05399697366
1.38872870588,4.12130626377
1.2890445977,4.0111856196
1.25321417582,3.86525205038
1.39927184783,3.82471721528
1.82889084211,3.79375633981
2.0964762,3.62654973444
2.24170244444,3.97320746479
2.43677269231,4.49734426914
2.46844464286,4.16666593566
2.43915860465,4.07079687062
2.345941,4.45631553137
2.26640479452,4.80216500842
2.10255020408,3.72266393321
1.73263590361,4.32716310207
0.507576637931,3.04811238204
0.526656722689,2.94581945116
0.433674112903,2.83640526896
0.427095826772,2.78771908982
0.55273216,2.82877755554
0.836376607143,3.11827875901
0.908040380952,3.32270567763
0.922511078431,3.42681732017
0.882327403846,3.35741180928
0.803434245283,3.3022926049
0.718898165138,3.21809070583
0.759024181818,3.19624778787
0.760619266055,3.22455690787
0.971312242991,3.3196864404
1.95728453704,3.38420235603
2.27862179487,4.57121918725
2.31486085106,3.76854859226
2.28971155556,3.89618331273
2.20787478873,5.00704863313
2.07004960396,3.59452472257
1.05699222222,3.62312879235
0.674721847826,3.87784507612
0.642648315789,3.69254303701
0.602980315789,3.72647890735
0.61918622807,3.04637869651
0.925338230088,3.11907360047
1.15960919192,3.56762530719
1.27612484536,3.66395900763
1.1838845,3.5042179061
1.1095038,3.5297167975
0.955714485981,3.26264141887
0.857974,3.22041479585
0.769202342342,3.18073249639
0.698935913043,3.04078749935
0.667494454545,3.18569098078
0.694801090909,3.2148491392
1.0437209009,3.23481436434
2.16133753623,4.94199986013
2.21577552083,3.68704689487
2.16865633333,3.94328486774
2.10786823529,5.22124010931
1.08051368421,3.16793377878
0.431411698113,3.36256286641
0.428942790698,3.65415534752
0.377337807018,3.07478636535
0.348499830508,2.97399121916
0.503236119403,2.62990174712
0.491991167883,2.59198986651
0.634246744186,2.71978392523
0.84236212963,3.21392573757
0.90893989899,3.54223106146
0.810360408163,3.53861465582
0.756746842105,3.67683638444
0.781959791667,3.65540291402
0.741928673469,3.58351857831
0.627519009901,3.5063918457
0.592462828283,3.57589544764
0.64976375,3.38354447006
1.97177148148,3.41643233316
2.14721271186,5.65970802364
2.17680787879,3.55523633769
2.17372696078,3.44709323449
2.10616581818,6.18385120813
1.47246836538,3.51299005532
0.352285,3.57847852692
0.355305473684,3.27844139905
0.296774957265,3.00578450071
0.257008405797,2.52301683541
0.254126861314,2.53631793218
0.275420465116,2.71234042107
0.285243243243,3.16057980476
0.254773846154,2.63973040579
0.441860972222,2.4726867697
0.469253214286,2.5412528502
0.496703515625,2.75454148916
0.623584824561,3.08726593739
0.648747567568,3.17606480896
0.577111794872,3.02973824302
0.618082389381,3.13549069111
1.57018283186,3.23748938409
2.24004296703,3.73641365634
2.31819813559,5.43753302566
0.872066756757,3.17850920707
0.931358240741,3.29128087555
2.26387404255,5.24708571784
2.10606675,5.09810774096
0.285976774194,4.80200444611
0.3358675,5.89781198854
0.252334473684,4.4381992704
0.242051595745,3.72409715156
0.256809464286,3.11816165732
0.271874710744,2.89806265938
0.409584117647,2.9880466337
0.424718625954,2.72493160434
0.630223398058,3.37269196558
0.763867777778,3.92789364737
0.71838173913,3.85662801363
0.757819680851,3.76343677761
0.660628125,3.70514067679
0.859688064516,3.83621669801
1.955480625,3.86577713173
2.05925883117,4.59469343144
2.16219742424,5.30174122663
2.23570721739,3.08463753104
2.44721703704,5.95427725065
2.42151619048,7.0422750616
2.28259882883,3.20000450182
2.06705440476,4.04137009547
0.394919125,3.78835187736
0.557850178571,3.08011651066
0.515386068376,3.01904894713
0.590458487395,2.98452393438
0.631557213115,2.8936243601
0.654418907563,2.98074510186
0.546158596491,3.13653146149
0.532133142857,3.38975984526
0.478585178571,3.14924542396
0.433419469027,3.1130956369
0.443298534483,3.07000936387
0.473576370968,2.84460578597
0.493599296875,2.75764427864
0.60285515873,2.83697597113
1.73782853846,2.82978552394
2.18557353659,3.94916692324
2.28407176471,7.04784651124
0.603582318841,2.57622846516
0.30304869863,2.40431613938
0.957383161765,2.60814332579
2.22382357895,2.98496816459
2.0556312987,4.14729792634
0.286611666667,7.43214994839
0.25923,3.43082410967
0.238239038462,3.2722775045
0.200703125,2.72537869959
0.536634772727,2.66865360747
0.634336532258,2.85778289923
0.528605153846,2.74424056862
0.590113125,3.19782472187
0.717434910714,3.18459220897
0.842569189189,3.21633632071
1.00943436364,3.21410110668
1.53459482143,3.20511701579
1.98259216216,3.2131222649
2.07207942308,3.41588949915
2.18605846154,4.42691166207
2.26993687023,2.69938318178
2.38638141414,3.58171294002
2.49023864407,5.90065863348
2.48915314286,3.42863450812
2.46686314286,3.4226641292
2.42874375,4.21202723424
2.21280212121,3.3330969465
1.07130972477,3.25918833833
0.394855242718,3.39951134386
0.417674444444,5.97106907956
0.319894259259,3.27190432421
0.31096024,2.84803712496
0.27597796875,2.75919203296
0.255376846847,3.19188302945
0.321520842105,3.67536356086
0.528865148515,3.45765112214
0.7722991,3.53601433146
0.8600946875,3.68829848892
0.914944329897,3.64447867907
1.11803113402,3.69038179198
1.57080346154,3.49667870039
2.11823894118,4.07517191495
2.20538,4.05274553426
2.25680392157,3.44966213531
2.34981388889,4.90553503209
2.4290535,7.9482112905
2.47503265625,5.67151791684
2.46752860465,7.47722971179
2.31817023256,4.12752641363
2.17470098039,5.93467759644
0.936116352941,4.23862709448
0.583810769231,7.99962696105
0.494156463415,4.30119310688
0.508383232323,3.53795587142
0.538099298246,3.05753980442
0.543927105263,3.05721164454
0.583901769912,3.08568261268
0.693823303571,3.16194082965
0.879154563107,3.46006670483
0.83016875,3.42237220613
0.828124326923,3.42543827492
0.796249099099,3.19122161935
1.07519981481,3.33514583409
2.02608136364,3.33109646352
2.27740573529,5.13420214236
2.31043510638,3.85326508302
0.467033781513,2.9808052735
0.27549556391,2.64202418901
0.249809384615,2.71890240923
0.811243804348,3.7783155818
2.16903479452,4.07869536921
1.33695193548,4.53848508647
0.187024166667,3.89304500254
0.176387254902,4.55748939996
0.193802333333,4.28800655525
0.170291627907,3.90800364395
0.170938571429,3.25804835803
0.18223519685,2.68572722536
0.18824125,3.04236610056
0.221560107527,3.28946646804
0.370881153846,3.32740247347
0.495205916667,2.97796657529
0.498090598291,3.03389853569
0.909593913043,3.11691519828
2.1675643038,4.50426169598
2.24700336,2.80953987728
2.2767202963,2.60129006256
2.31713785714,3.20127122432
2.33744911111,3.99184186493
2.34900651515,5.47136965071
2.30267025974,4.678523976
2.22117910569,2.89543821007
2.1324426506,4.00931134322
0.873767982456,3.21280294051
0.279893614458,3.59955969878
0.287131770833,3.64402144292
0.279708090909,3.22646218078
0.287530551181,2.83449486681
0.360626129032,2.88012287218
0.473420928571,2.54474773103
0.578425691057,2.89104843355
0.703691009174,3.25195432162
0.669614018692,3.29272927085
0.582507619048,3.34859514358
0.513193628319,3.11690539312
0.559264615385,3.41205503421
2.19193109756,3.89508666706
2.21791910714,3.12591421977
2.29586341085,2.69938695086
2.32602531746,2.78842040135
2.35284589147,2.73209598708
2.36433233333,2.91647048978
2.42109409091,3.19381211751
2.42543443299,3.66641285724
2.287816875,4.25726054426
2.05606877193,3.14572135541
0.92745018018,3.16945080413
0.832116140351,3.09890801442
0.732140086207,3.02669638378
0.723853245614,3.11189238098
0.647597288136,2.99741880294
0.588903636364,2.90517984632
0.532939098361,2.8952611539
0.53271472,2.81393331338
0.630278037383,3.29312368112
1.5586344898,3.73475978622
2.06751284314,3.60820087418
2.25832519481,4.47893934575
2.31716782609,3.84657111978
2.32771520833,3.65695964843
2.29405918605,4.11604424581
2.2078356,4.63730714419
2.08532639175,3.64759893547
1.97748364407,3.0826621199
1.412927,2.98684562264
0.800793559322,3.00346924135
0.533456532258,2.84567391353
2.52655153846,3.62705752313
2.52374029703,3.50067858305
2.51881125,3.65463913415
2.43640357895,3.69905525703
2.36731469136,4.40736662708
2.17886223529,4.14998591853
1.96371736364,3.33440586045
0.85973972973,3.16341890612
0.641891858407,3.11059628233
0.695148086957,3.06437948337
1.08639862385,3.23328486454
0.820884594595,3.16582109551
0.879535188679,3.28012850354
0.971846886792,3.3053997635
0.769681359223,3.39081820082
0.71055212963,3.20358794469
0.70714787037,3.24387727004
0.709602920354,3.1081582077
0.771873245614,3.09409778927
1.02961833333,3.28863125089
1.96403302752,3.30768862684
2.15358698925,3.81709898988
2.32323759494,4.49569059431
2.4157048,3.5253855266
2.44824893204,3.42547755688
2.28239011236,4.06187067335
1.29481919192,3.57185246622
1.57813183673,3.64840027984
1.98275826531,3.66811749081
2.07146435644,3.54552507248
2.10957717172,3.67458754765
2.14398483516,3.89797022751
2.42780975,4.42603610772
2.43559795181,4.22620182673
2.46452846939,3.58871729629
2.46706160377,3.33373008107
2.504294,3.5357957496
2.48175704082,3.62161831249
2.41063854369,3.3936652903
2.19519779221,4.51382900893
0.526478785047,3.25885011289
0.468086203704,3.22579716619
0.429019736842,3.07397626027
0.37274942623,2.85672960595
0.363533709677,2.83482352167
0.315864516129,2.83946878844
0.320902413793,3.06647966256
0.316621923077,2.69553026263
0.331467692308,2.70234613325
0.4203845,2.52500720902
0.544497857143,2.79274289147
0.561274166667,2.92770533594
0.619402966102,2.97057183218
0.743762622951,2.89050939689
0.932685887097,2.85824956232
1.66244918699,2.97444663376
2.07422730769,4.47735557524
2.1507411,3.5301173264
2.16842961832,2.681578322
2.14762579439,3.27592835396
2.06433617284,4.05658925739
0.497368484848,2.67062093334
0.446887786885,2.94496592803
0.423429344262,2.92844477815
0.398183089431,2.91443581664
0.474785454545,2.69651431594
0.512267681159,2.5496602182
0.546990384615,2.72715522975
0.518358992248,2.76499878835
0.534289230769,2.74781372966
0.685099224138,3.02269848017
0.832437211538,3.39269839297
0.798670373832,3.31309130014
0.797430267857,3.16578022075
0.88045440678,3.016352377
1.82682669291,2.90733933289
2.01423136364,3.28300693201
2.15241880597,5.03988960459
2.19021168224,3.28870363893
2.30583862903,2.83925139703
2.45563463636,3.23744287029
2.44272131579,3.1049090186
2.33195289256,2.90488417406
2.22672897436,4.53250962269
1.9473475,3.04891190889
0.887202636364,3.25095281634
0.759805225225,3.19135903176
0.653799642857,3.14444568641
0.553417815126,2.96911331704
0.5022334375,2.74379291724
0.47152608,2.82608389197
0.446767589286,3.1663425448
0.476766754386,3.08618884317
0.666329913043,3.07861331596
1.26141594595,3.21974879769
1.86066190909,3.31602844978
1.94137357143,3.24940457014
2.00171783784,3.25525911379
2.17996588889,3.87480484191
2.40096433735,4.26085578664
2.47024,4.02109764811
2.6332710989,3.88337510431
2.6504364,3.52879413161
2.63533893204,3.41650184049
2.53403571429,3.12318313928
2.39070021505,3.79137813163
2.1630314,3.50896793549
1.61340669565,3.15619602504
0.837661666667,3.11601869665
0.651969137931,3.05186150704
0.599625603448,3.06313548119
0.486022173913,3.07384945587
0.399232692308,2.70647082124
0.394798943089,2.8748994472
0.366667982456,3.10166495981
0.378698934426,2.89467069512
0.533434015152,2.68293488698
0.850193529412,2.93996750725
2.00077084112,3.37012527508
2.27600521739,3.82535241101
2.33566468085,3.74250526055
2.46013024691,4.3368977261
2.47462902439,4.32917724747
2.44795233333,3.89607089377
2.42924708333,3.61787261025
2.42221092593,3.21299926844
2.39440081818,3.16936496178
2.32098850467,3.26704698435
2.25132320513,4.53152354466
2.09087638889,3.29428868462
1.15188637931,3.07773359699
0.660245042735,3.01788116358
0.569196846847,3.19681760913
0.513017943925,3.26717814837
0.378908166667,2.91054214263
0.376826890756,2.92219089419
0.352639090909,2.89735944217
0.368630336134,2.92702020689
0.395154390244,2.85085741755
0.413716,2.84536475865
0.4202165625,2.75926123626
0.478449104478,2.64933256738
0.501148656716,2.64241846877
0.655528046875,2.76407304205
0.921013030303,2.69469949303
1.96063153226,2.93582050569
2.10804146341,4.14937479349
2.20828636364,3.58755307123
2.22940287879,2.6622505536
2.26000174603,2.81556573588
2.23435461538,2.71721938617
2.1734845,2.93775479274
2.08759878788,5.08661366232
0.456183214286,3.19560826664
0.370611313131,3.54418102735
0.3452371,3.47189756845
0.322828971963,3.34898538063
0.2297645,3.12729672134
0.217281857143,2.52240164438
0.203519217391,3.03476903007
0.196889553571,3.13570254778
0.238396,3.28793223652
0.312321452991,3.01276263108
0.349766086957,3.11693500848
0.334286260163,2.89545541581
0.432245390625,2.75304672763
0.93544725,2.9855890353
2.08572416667,3.70773230124
2.26179480519,4.54598377367
2.28699130435,3.04701704034
2.33702212963,3.27137311986
2.3651083,3.58258079865
2.29126361111,3.29277378843
2.1967944,2.83086477669
2.11886285714,5.44774922523
0.50457754902,3.51180512637
0.346991612903,3.83053617778
0.382480108696,3.76658447715
0.306670795455,3.87190279931
0.297870582524,3.49990643576
0.23965862069,3.06117989076
0.224645403226,2.82496589854
0.217701222222,3.87285842162
0.219442244898,3.50358693905
0.352857154472,2.91857167129
0.370583615385,2.77911234416
0.453631860465,2.77778584273
0.580948376068,3.03820681258
0.823158666667,2.97604515039
1.37722941667,3.03146918546
2.06974182796,3.74585987616
2.22526511628,4.10754636606
2.293246875,3.1633444481
2.3620666,3.59683418772
2.39790270588,4.22760781701
2.34725019608,3.52204134154
2.30417119658,3.00082869815
2.31176945652,3.83922502153
2.0579645283,3.39494636602
0.90213872549,3.48952278077
0.7402231,3.54108242288
0.726952619048,4.26263436516
0.768470188679,3.32030113207
0.860850961538,3.40339621142
1.07453113402,3.63319378498
1.22254913978,3.78035743739
1.14665308511,3.72048355526
1.1657196875,3.67378931308
1.20261306122,3.64136725487
1.51916505051,3.62386389297
1.92802582524,3.54858245788
2.08498421569,3.59766867941
2.17455361446,4.18874996528
2.32417911392,4.45660265551
2.32991300885,3.10628736575
2.34241983471,2.91189923312
2.36812466667,3.38228368064
2.30530278351,3.70172103361
2.23427182692,3.43998976118
2.15612962264,3.33749976082
2.03846329787,3.59457930628
0.435344848485,3.59094770554
0.384712105263,3.77315231854
0.401588674699,3.67674386275
0.305521717172,3.59457579373
0.258861212121,3.58925468293
0.231376608696,3.03578889713
0.217398468468,3.14152119123
0.270937981651,3.23882574444
0.313006065574,2.89022581759
0.35652789916,2.99813522153
0.459784434783,3.08151767172
0.635002586207,3.05507023139
1.30674183486,3.29744839113
2.0540862963,3.39548446434
2.1689577907,3.97029830867
2.33330883117,4.63897143139
2.31068,3.60267715078
2.31733436893,3.40737166767
2.3105327619,3.3493900478
2.29718146552,3.0351656619
2.25304429825,3.0905336514
2.19384965909,3.99032953768
2.0277875,3.4046425493
0.612921308411,3.35366390999
0.483691176471,3.48675462401
0.449604736842,3.462168264
0.376943628319,3.10568508674
0.382458684211,3.09138655449
0.371219606299,2.75396223258
0.390828527132,2.726030579
0.46690616,2.83366799034
0.545315470085,3.03114946307
0.63891247619,3.39829243465
0.638953365385,3.41877748582
0.627118952381,3.36767417794
0.828756981132,3.3795376407
1.99763914286,3.56639731942
2.18140108696,3.59530407286
2.20569716814,3.12363428555
2.21983638095,3.38741057695
2.22327752212,3.16072132709
2.22879782609,3.05310217183
2.17180294643,3.13357177747
2.13533173913,5.1142022309
1.99667805825,3.48578182381
0.493011714286,3.4007301521
0.386125588235,3.51587400584
0.3623755,3.54838209978
0.3742915,3.42634751699
0.380055909091,3.20771815112
0.392035819672,2.87432018567
0.425483385827,2.77585091477
0.538263225806,2.84336200433
0.623979051724,3.06137863238
0.811736513761,3.23551347286
0.892088518519,3.27594530434
1.04183831776,3.34070595996
2.00146766355,3.42959526163
2.10305326087,3.93811413679
2.24250487805,4.34418425038
2.27611901786,3.15072032325
2.28022336364,3.21568641424
2.2584375,3.16410943618
2.21998327731,2.95484793011
2.1637087931,3.01735223977
2.09413680851,6.43676636948
1.4392486087,3.20260357529
0.316078363636,3.24722861772
0.29238961165,3.47207776887
0.251848653846,3.43110093666
0.252005,4.26196886901
0.197094646465,3.58834585388
0.185212894737,3.09830769565
0.186461880342,3.03105169049
0.181149464286,3.12766683008
0.185951904762,3.37758251759
0.21063959596,3.62133892629
0.221584395604,3.85664893795
0.292667433628,3.15994591446
0.356807593985,2.67734778763
0.377226065574,2.92863992275
1.25997747899,3.07815644968
2.03121549451,3.8817702263
2.09222306122,6.09297195109
2.09627612245,6.84220657555
2.09472740741,5.50670064025
1.52460641026,3.13517008018
0.42483122807,3.09123527829
0.345291551724,3.02582767387
0.279477058824,2.92235813122
0.283411964286,3.13054447781
0.25413271028,3.27770688415
0.278171686747,4.27541751887
0.23510317757,3.21526367917
0.238246238532,3.16722737615
0.238309663866,2.87155247949
0.244054751773,2.39012307197
0.258157152778,2.41836260874
0.263247569444,2.40506788757
0.343584968153,2.26538772592
0.584562291667,2.47863939774
0.869839603175,2.80709052894
1.97002719298,3.13741596175
2.1028689899,3.62818281792
2.21713472973,4.67859126117
2.221444,4.17373160755
2.20899373333,4.67041553828
2.14176957746,4.70990864191
2.0236666055,3.25277284688
1.07067297101,2.58009673303
0.429400144928,2.56886810187
0.437677794118,2.59529357594
0.411943120567,2.51680164331
0.419604751773,2.51835995468
0.526525275591,2.77625821099
0.687966754386,3.10037296969
0.76783,3.42725304153
0.894569578947,3.71183019276
1.08091076087,3.81573556127
0.959828043478,3.81638545815
0.930692,3.68074596363
0.837536734694,3.57984317493
0.876637722772,3.46352676627
0.928450096154,3.40478009504
1.45652386792,3.38528792089
2.00999571429,3.48542257016
2.17440493976,4.16677169617
2.29677477273,3.98558000414
2.32185070707,3.58640029462
2.25873527473,3.8794053601
2.23481826667,4.6273774756
2.10183979381,3.65721896175
1.42027754237,3.06075320613
0.789684375,3.13185745032
0.619464864865,3.14877972831
0.573669090909,2.87054988188
0.551581755725,2.65706455442
0.539191407407,2.60832922928
0.648514453125,2.74333122489
0.96619973913,3.07394735776
1.14446681818,3.19852813789
1.25927067308,3.39101096989
1.2439190099,3.47716432733
1.24524701923,3.41356779148
1.47535740385,3.4181240038
1.60179311321,3.36725909277
1.86067247706,3.31670454856
2.00713504348,3.13422322939
2.21107282353,4.07748151866
2.32635515789,3.73848756884
2.351612,3.0638125587
2.30337862385,3.24620278676
2.22281626667,4.65703014014
1.99577951613,2.91268508558
0.979779752066,2.95877393263
0.61282392,2.81918983789
0.579981875,2.771578694
0.501018931298,2.70970373026
0.471327608696,2.54788324647
0.396313829787,2.48910038491
0.355255825243,3.45662486922
0.301563219178,2.39959257929
0.315897664234,2.56935187694
0.427701006711,2.37308908046
0.775635877863,2.6754206794
1.02247764706,2.97193434468
1.41843070796,3.15709201411
1.13720788136,3.00386180229
1.33721885246,2.92310869075
1.94056708333,3.04700757711
2.10521926471,5.19344357506
2.19895654545,3.20230082681
2.25668367647,5.2149088239
2.24901485294,5.23436012065
2.1370206,3.39557234031
0.877245740741,3.36660126908
0.297501136364,3.7629149972
0.270392650602,3.75262973376
0.262465783133,3.82917104372
0.261874747475,3.46165656825
0.235856964286,3.11063194391
0.225320588235,2.56336279263
0.238221976744,3.51655804546
0.20203673913,3.62334140865
0.187074333333,3.89190238954
0.189483723404,3.72227328281
0.198530631579,3.62941829099
0.185249425287,4.03098620219
0.356101573034,3.98559367463
0.680589711538,3.42663090785
1.94774486239,3.3943434374
2.0817626,5.8162422682
2.14841590909,4.09588722935
2.3281505618,3.86652296221
2.38463065574,5.78052555773
2.33032444444,4.52655189825
2.14135841463,3.74187691711
0.456023716814,2.95533267205
0.2981265625,3.31596469147
0.322612325581,3.6479825808
0.347787916667,3.67444318092
0.349965044248,3.18663746764
0.318535121951,2.90240922834
0.28038557377,2.9201357435
0.248273274336,3.16369463167
0.257730380952,3.39852755649
0.247336489362,3.70245880892
0.231719099099,3.1905334525
0.523913125,2.82030453761
0.641412366412,2.70435185306
0.522101703704,2.61031884996
0.466036714286,2.5301720373
0.568448970588,2.62525834528
1.94332333333,2.90828768823
2.14640861111,4.56204868933
2.30406555556,3.04849861242
2.30932071429,3.67271874394
2.32450045455,4.09620445343
2.22806837037,2.60809741215
2.116676,5.21868956098
0.436219256198,2.86234678492
0.425180353982,3.077021114
0.41036789916,2.98344443351
0.426928981481,3.21504119975
0.443915779817,3.2298804257
0.503382037037,3.2766472003
0.667993076923,3.03752268349
0.639146290323,2.86588332913
0.71945026087,3.09101818127
0.881565315315,3.184400581
0.948871442308,3.39215785938
0.963275288462,3.38313891577
1.53045412844,3.28270754447
2.07439254545,3.30085368789
2.1092712037,3.38676540061
2.18245848837,4.00295166733
2.24240871795,4.45720154837
2.28362364486,3.29155097883
2.40900700935,3.22483507622
2.51846156863,6.79119548227
2.46319539683,5.7217748363
2.41676851064,3.74279278346
2.26270508929,3.16724624543
2.02516713043,2.97034182882
0.605837545455,3.23603971393
0.565363461538,3.40546060247
0.557425961538,3.41009054811
0.521006019417,3.42661981407
1.08791349206,5.29968107314
1.57075661017,5.93732837256
1.40435960526,4.58869854463
1.23999850575,4.04275158406
1.21645966292,3.94127243476
1.0832967033,3.88168103346
1.07038625,3.64752736078
1.16206767677,3.57714210503
1.86293048544,3.51999901432
2.05872726415,3.46209328645
2.18456035294,4.05256928763
2.26146936709,4.47089439009
2.6310031,3.53563751202
2.74858061856,3.6339249879
2.80533766667,3.94899710176
2.69490385417,3.64749901139
2.58416222222,3.54415481178
2.40754329412,4.16502361999
2.10112252174,3.13288836376
1.23918198113,3.3727749529
0.919550707071,3.58349990785
0.863003571429,3.60988255489
0.742584659091,4.00071449261
0.606525963303,3.25882087103
0.654402818182,3.23643986656
0.845976534653,3.50994264351
0.910072040816,3.59261567259
0.987494166667,3.69188881604
1.08793894737,3.72102613708
1.28263566667,3.89934212407
1.46050022727,4.02738868143
1.80617215909,4.08438744956
2.07697788889,3.89780945069
2.14473582418,3.89672930744
2.29480842697,4.01522506492
2.52053176471,4.12063807711
2.6062337,3.50028770139
2.65993896907,3.64350183798
2.62214107527,3.81176374024
2.47833228571,3.34831752788
2.32627472527,3.87721768198
1.98692230088,3.16843754243
0.704693461538,3.4178426006
0.549905670103,3.6503902235
0.506110930233,3.64342423898
0.377702410714,3.16375774625
0.332879830508,2.96091324328
0.317108434783,3.06198484189
0.294744859813,3.26320465243
0.3221438,3.42972639827
0.305269139785,3.79105592803
0.287906931818,3.96906119855
0.292509534884,4.00072493471
0.269021071429,4.18148550844
0.326771979167,3.57077508937
2.08443470588,3.56560234846
2.3666874026,4.28505920846
2.58502038961,4.61411553718
2.62475714286,4.19755896222
2.65640087912,3.85335866555
2.6236497619,4.24368690177
2.54995217949,4.61369116021
2.42707875,4.06429881973
2.25625685185,3.28390134571
2.11305373333,4.59209024375
0.4354503125,3.58996196644
0.364571149425,4.05015532841
0.320985925926,5.65999167393
0.273367333333,3.80933888405
0.237293055556,3.21661953145
0.222751034483,3.00492043248
0.274274494382,3.94925079233
0.219657752809,3.95500590526
0.223824210526,5.21722294411
0.190772708333,5.69301562661
0.229896307692,4.93394178764
0.189469350649,4.41366268978
0.182240632911,4.37723984753
0.197592988506,3.81525556976
0.285394761905,7.58435425305
0.506357708333,3.63838908756
2.049844,4.99554761207
2.11680290323,3.58774318085
2.204939,9.54576078232
2.1414916,6.78515471761
2.12717791667,5.70831701883
2.0732861039,4.14519661312
0.898911794872,4.23458263364
0.219000172414,4.56747152643
0.16307902439,4.7517139441
0.188086111111,4.93903877758
0.244780833333,3.97813260585
0.273605045045,3.14148429425
0.268223181818,2.5807028809
0.40440745283,3.2624936822
0.493316886792,3.27917104422
0.565133030303,3.54075344705
0.551025151515,3.55212426351
0.509308,3.35965832426
0.463301960784,3.46212234148
0.512939259259,3.26932753256
1.78797238095,6.0392584972
0.264242524272,3.35708208064
0.246260232558,2.66537584113
0.21699986755,2.31039153416
0.211354050633,2.22122977558
0.261345032258,2.28521299963
0.278782043796,2.57428133938
0.325408686131,2.61376078708
0.439444482759,3.0875093487
0.468543089431,2.92137413448
0.643117540984,2.93925588108
2.047992,3.47188589867
2.35044784946,3.86406920151
2.42667865546,2.96434004948
2.46376173554,2.90876711412
2.41570235772,2.8460934436
2.29691711712,3.17312842981
2.23922956522,3.85164893233
2.21759609756,4.25005658538
2.12795435644,3.52692198155
2.05087327434,3.18448745448
1.93854696429,3.21070260198
1.76667723214,3.21606197346
1.54706183673,3.61651174953
1.34968273684,3.71331567117
1.30614125,3.64504567466
1.09336663366,3.4911073285
1.06027480769,3.38660197969
0.96621245098,3.4477976438
0.898019514563,3.41145252643
0.893881603774,3.32979306492
1.52856925234,3.33766527332
2.07912490385,3.48692270558
2.23758341176,4.08899831315
2.41738278481,4.53893668212
2.50541164706,4.17747804593
2.49087096386,4.24915614153
2.39023234568,4.32662583308
2.2008687234,3.67065181896
2.00994389831,3.06241138621
1.87853491228,3.19795603904
1.21227473684,3.10767330056
0.945965526316,3.09062953488
0.840329385965,3.08642021954
0.893984821429,3.13225826798
0.778796810345,3.04983133115
0.702923666667,2.93042098759
0.710840517241,3.02399812865
2.13842626506,4.12833370797
2.21975057143,4.91453780451
2.19043075949,4.30491204833
2.11383254902,3.53977114193
2.0126187069,3.13106886734
1.26040061404,3.13708352053
0.902311090909,3.19163367289
0.743077280702,3.08691254258
0.671133391304,3.05937245596
0.570840168067,2.95890793453
0.55602487395,2.94284563272
0.502027058824,2.95898783033
0.38129373913,3.07074051785
0.382366,3.16183575426
0.354842222222,3.21688995845
0.393065392157,3.43198511242
0.498790645161,3.76414332264
0.563901685393,3.97770751566
0.641002359551,3.9644722537
0.633955955056,3.97645182788
1.37753173469,3.7473015858
2.0054032,3.72783270448
2.17162083333,5.18981172549
2.21785531646,4.39632510785
2.191969,3.91725353741
2.10787351351,3.27997342902
1.9246760177,3.22101461181
1.08090703704,3.26651623583
0.878893611111,3.23612311169
0.784096,3.18747875732
0.934430206186,3.60462193827
0.984792659574,3.74169961668
0.907775959596,3.53598563795
0.772493137255,3.4238058928
0.730376078431,3.45039697124
0.688026699029,3.42554349913
0.670072571429,3.37419445434
0.610661,3.21266829957
0.563818130841,3.29675726473
0.547000173913,3.07505309936
0.55818516129,2.83583530172
1.0899119685,2.81074836623
2.1016286,5.76232470019
2.12465396396,3.15320629319
2.09842651163,4.08614677787
2.031263,4.1159857268
0.266040731707,2.6234658523
0.302438189655,2.93298282762
0.333073412698,2.73848657297
0.370531754386,3.06916229068
0.388544774775,3.17750726005
0.83189112,2.8318941057
2.1812685567,3.70941450419
2.32938168675,4.23852533947
2.41001366667,3.9668652895
2.55969966667,3.94048433523
2.63409186813,3.87648872436
2.65747206522,3.83369808029
2.54825826923,3.37563415382
2.41059061404,3.05903769543
2.2877445045,3.16064351439
2.19309768116,5.01434500841
1.93259885246,3.00601885811
0.371822882883,3.20829989993
0.344795192308,3.41910689952
0.343610315789,3.60058419059
0.293836086957,2.97442343706
0.358579562044,2.59574509071
0.375431168831,2.29107271568
0.479545877863,2.72078634119
0.47162736,2.85777695394
0.505779565217,3.06689754997
0.42588264,2.82755397327
0.443234705882,2.97778105596
0.474634482759,3.04236471204
1.96143026549,3.26965107031
2.03199728155,3.57072114929
2.04965552941,4.18538689383
2.08180316667,5.43053068911
2.09928127273,6.2078701726
2.11002428571,3.52628268357
2.13762509615,3.36438043137
2.12152576471,4.10312276801
2.065663,5.65082701286
0.481655446429,3.15105734156
0.31150627451,3.41109264232
0.316301836735,3.47827964532
0.319354301075,3.66370233345
0.300444473684,3.02790543445
0.308229210526,2.98302167625
0.297456,2.9058592067
0.322649809524,3.22198456391
0.340423302752,3.106605785
0.336724285714,2.69622136444
0.396091982759,3.02425542343
0.469585491803,2.89102006458
0.491657457627,2.97996230922
0.471249831933,2.96253197083
0.485862695652,3.06501946472
1.29434841667,3.0003394687
2.03463701031,3.67204960581
2.11065098361,5.67642446658
2.14242273585,3.33542548406
2.21015833333,3.29173811428
2.22155164557,4.52155989048
2.1940490625,3.62787931702
2.13691221311,2.89148090656
1.9532073913,2.86203387138
0.404262619048,2.81689219679
0.325714473684,3.04642529241
0.328019807692,3.41625737745
0.353196036036,3.22468858407
0.331186769231,2.76413423575
0.5222961,3.53700300577
1.08580204082,3.60968231136
1.19485690722,3.60966468125
1.05365134021,3.63429017724
0.867802040816,3.58839584326
0.782077878788,3.5535034509
0.850592924528,3.31330016483
1.10050738739,3.19942729163
1.96332330357,3.25766208177
2.03506894231,3.49740639108
2.13850136986,4.63351305338
2.15379382353,5.13412023714
2.15868330508,2.96982332079
2.15507729323,2.62012499286
2.14688942149,2.86550278465
2.09865578125,5.31045205886
1.21132135593,3.10241243757
0.342893423423,3.20346616516
0.32791741573,3.56085197346
0.395931869159,3.34757520798
0.498723333333,2.97259274286
0.604967961165,3.44842028593
0.672022783505,3.67603342775
0.594008448276,3.05007511651
0.584906261682,3.30160971866
0.547387238095,3.3914340796
0.499150686275,3.46830276587
0.461039292929,3.58377160215
0.444193235294,3.45468345107
0.408032752294,3.22801786926
0.394806509434,3.29234295019
0.394690943396,3.31732109379
0.409742767857,3.14567355303
1.05637259259,4.20733986171
0.901726344086,3.77478127918
1.05144895833,3.63860960717
1.16886150538,3.78281147281
1.16800457447,3.788635837
1.08626875,3.68027391454
1.76437009709,3.52395261854
2.08496415094,3.44795141609
2.24734164835,3.81654118258
2.34743560976,4.26235632411
2.496410875,4.43998925281
2.51436011494,4.03521989907
2.56285659574,3.72775603934
2.49221925,4.37547644748
2.02350843137,3.57742093612
0.912071145833,3.70585808714
0.691379892473,3.79947992533
0.59345244898,3.62684776795
0.532311100917,3.22414179868
0.555242941176,2.9394042947
0.676314122807,3.10710437755
0.903465925926,3.25644884865
1.0419841,3.53197801255
1.09244020202,3.5529657059
1.2102884,3.54672298839
1.94090752475,3.59209283516
2.00139990385,3.52876515987
2.09902097087,3.55783556687
2.19784865169,3.96232598995
2.28910380282,4.9090553144
2.36827988889,3.90573536607
2.39478081633,3.58956381054
2.42118292929,3.57144973498
2.3860903,3.53686686791
2.2925331,3.51765158453
2.24092851852,4.38722408959
2.07968202247,3.9319830675
0.860787368421,3.78104868741
0.55515443299,3.656094045
0.48079040404,3.56901819036
0.436933797468,4.40317314073
0.375000458015,2.65484625175
0.378472189781,2.55494235323
0.356870873016,2.80918730174
0.323436504065,2.86575156437
0.278090882353,3.4869380355
0.248621176471,3.99165496513
0.247482386364,3.85600760808
0.2751634375,3.6821036712
0.288811122449,3.62886564022
0.309561941748,3.45688489551
0.375950714286,3.16942992271
1.81685635514,3.48922072106
2.01131712121,5.17139640424
2.07032132075,5.99983412796
2.09725155963,3.19226242081
2.08348979798,3.49184914192
2.02422694444,4.54115170759
0.376231129032,2.85476418642
0.248624190476,3.2248350849
0.248103614458,3.82531404472
0.247016444444,3.67104422442
0.2409025,3.70916168335
0.200417608696,3.79211949015
0.17642822695,2.49750317093
0.168143706294,2.456563743
0.158134807692,3.33198669712
0.189845797101,4.68317848489
0.174746721311,4.78012389412
0.217930344828,5.04263444501
0.190382380952,5.14220561948
0.241968677686,2.91030945789
0.530203823529,2.62028167133
1.49539015504,2.81527073317
2.0928525641,4.38467689666
2.17963896104,4.6198292246
2.240509,3.53169020942
2.22629198113,3.32806905949
2.20997461538,3.40680640235
2.21775154639,3.63351631963
2.21969966667,3.89984685407
2.11656097087,3.42046821183
1.81080836066,2.97398119112
1.14484382609,3.08507596329
0.834381160714,3.16267738388
0.898738037383,3.28383440584
0.878879423077,3.368200532
0.930547247706,3.21906939772
0.880100471698,3.32217254809
0.786135619048,3.35391096346
0.757818557692,3.41283976104
0.712979029126,3.44638619421
0.675649439252,3.29836409822
0.798630810811,3.20530320985
1.46659153846,3.09612605321
1.94661008403,3.05919708963
2.00248184211,3.18687116355
2.07791792079,3.58268198876
2.091015,3.60456198024
2.087988125,3.70299144988
2.06717190476,3.40751360222
1.98847441667,3.04473154627
1.93182533333,3.05556671188
0.88349664,2.82146203117
0.57736336,2.8144113786
0.51297766129,2.83013729862
0.49287265625,2.72658830828
0.74621509434,3.32729254068
0.948469196429,3.15326577407
1.02113672727,3.20154040576
1.10613567308,3.39615067775
1.02955685714,3.3592568223
1.074525,3.47091499386
1.11989376238,3.48063814174
1.67780404255,3.82803811357
1.54504079208,3.58581369788
2.00431121495,3.40773191153
2.13713918367,3.63950548573
2.25335905882,4.09672069455
2.27989551282,4.49850654163
2.27592848101,4.3764622372
2.30455060241,4.24030004363
2.27022607143,4.10627995973
2.19452797872,3.81736509014
2.00113581197,3.10049685278
1.78397441667,3.04195168676
0.731269831933,2.94434988991
0.602884274194,2.81736985565
0.505430165289,2.87980691395
0.894720873786,3.42603354493
1.03614049505,3.48797571664
1.02510646465,3.57735309215
1.0582827,3.52305010579
1.01227732673,3.48049156717
1.01637962617,3.29463392092
0.994525043478,3.07505656646
1.26650198276,3.07230886155
1.8470029661,3.06738704583
1.9979012931,3.13713717698
2.16288353535,3.56865319728
2.26206542169,4.11029596382
2.17075244681,3.75928565042
2.17090540816,3.66324934117
2.05695454545,3.30878985623
2.00689309091,3.311708368
1.95307044643,3.22664682076
1.87751528302,3.4397035501
1.61843576923,3.47227399335
1.35434594059,3.50525608394
1.17557979798,3.55148103276
1.1954821978,3.87648536838
1.10591020619,3.61297149688
1.40734080808,3.56261124025
1.68327449438,3.96473564459
1.78242261364,4.07422468552
1.81300359551,4.01716915137
1.73639610526,3.80423334233
1.9504609,3.61528283746
1.98680415094,3.43313049964
2.04765660377,3.44033779756
2.08827904762,3.44321922958
2.1606712,3.62987029808
2.13547423077,3.49571782067
2.09435943925,3.39060481412
1.87409917431,3.34003927572
1.54454238095,3.39357789264
1.22039320755,3.34897353196
0.844136238532,3.23733234547
0.628281754386,3.07903027745
0.615852192982,3.08280014336
0.574150862069,3.03073999596
0.532743739837,2.84124565871
0.4973996,2.8018569903
0.471094765625,2.72015696673
0.436801984733,2.65319673598
0.371274754098,2.88485724427
0.357533228346,2.76977720827
0.475733307087,2.80179862522
0.613713109244,2.99371375916
0.856706525424,2.99811788267
1.97004136752,3.12485543343
2.06931929293,3.6615486168
2.126638,4.0526325268
2.10632322581,3.86174861124
1.93645435897,3.14086497955
0.790786101695,3.00449588667
0.580693846154,2.99094358451
0.558054745763,2.97855710325
0.509178739496,2.9735882363
0.492568376068,3.00804423468
0.474313333333,3.02588842387
0.479771666667,3.12553663407
0.440155294118,2.96972397847
0.395787107438,2.93082453576
0.37351112069,3.07350305086
2.14550851852,4.00325678381
2.1571628169,4.82761045033
1.41312511628,2.81724064121
0.509113170732,2.87289148863
0.413185703125,2.77377078538
0.350714461538,2.73791063701
0.312955275591,2.80632391689
0.293819083969,2.70960306285
0.280738235294,2.60010170554
0.27582609375,2.74614347518
0.238086,2.91612024717
0.202094634146,2.84589278773
0.185656666667,3.38572636814
0.176876875,3.13691563561
0.159955565217,3.0562633113
0.149946630435,3.81642400181
0.198183557692,3.38902398897
0.338996263736,3.92279284489
0.601003431373,3.51616771146
1.99040941748,3.55010508999
2.15125863014,4.77179049451
2.36883258333,2.92468859689
2.4757833945,3.20415967209
2.33031575758,3.58476785002
2.18669371795,4.33604713042
1.46546044643,3.23380142025
0.638821376147,3.24868522838
0.518097314815,3.26439597737
0.479517190083,2.92123852574
0.44530056,2.82579842125
0.42661962963,2.60186887196
0.52862380597,2.64691337974
0.706980434783,3.07401471824
0.859977117117,3.19101405523
0.907309174312,3.23781770605
0.836982931034,3.05023295614
0.871298695652,3.07607945927
0.855525083333,2.95435214392
0.9643795,2.94727217633
1.16774582609,3.12711075645
1.95855,3.18935386545
2.09148020833,3.83890976473
2.22955297297,4.6842714759
2.24075025974,4.60612037649
2.244591375,4.41653107207
2.19384546667,4.78777689549
2.10595391304,3.82648810123
0.90544302521,2.99711053325
0.56263768595,2.91581836226
0.511368487395,2.98036253035
0.529384736842,3.09459287421
0.508154351852,3.27287042074
0.470321916667,2.92734462791
2.63702727273,4.06402551585
2.59271926316,3.68131516198
2.35413777778,3.94426243878
2.07631017699,3.20950942525
1.28932586538,3.425225036
0.880371442308,3.38857849884
0.858780194175,3.47020088311
0.698366363636,3.21118952786
0.659584705882,2.96808560933
0.587511913043,3.08043501548
0.495077105263,3.11673466919
0.521328461538,3.0078705992
0.64836042735,3.00088464297
0.763986782609,3.08938066786
0.714575169492,3.00636629222
0.790462735043,3.03471969293
1.55449483333,3.0078575529
2.10599537037,3.35007493123
2.28374364706,4.0773198149
2.38987964286,4.19382350218
2.539682,3.51537032764
2.60755186916,3.2614043585
2.65364057143,3.34438923615
2.62644238095,3.3302805016
2.50601412371,3.61724546207
2.23380818182,3.56947274299
1.71624285714,3.25807952764
0.997339074074,3.27153858122
0.838598613861,3.50626099347
0.773556019417,3.44038297349
0.699559038462,3.39317617696
0.876147545455,3.20643139273
0.947535327103,3.28539795997
0.879302336449,3.30151979894
0.99433776699,3.45844745615
1.03541019048,3.34529973149
1.03433087379,3.40697238711
1.0084175,3.40759860362
1.44505943925,3.34154970148
1.87479592593,3.33569959406
2.14736097087,3.4847307721
2.19429539216,3.53614842571
2.33949382979,3.72297874055
1.96380457447,3.63794244755
0.824703185841,3.12491298972
0.861915688073,3.22779346754
0.900950849057,3.35192901341
1.13704988889,3.92928823793
1.442530625,4.3466146246
1.73128552941,4.13516880363
1.85465261905,4.26208494745
1.78750430233,4.15359700596
1.80612453488,4.2194256867
1.95979588889,4.0178297687
2.05619086022,3.88115090879
2.26677484536,3.67206867724
2.57068012048,4.24738464355
2.68154136364,3.98787365125
2.77046648352,3.84948717286
2.77078454545,3.98136980072
2.61949552941,4.13583439909
2.42062571429,3.94018876638
2.16671019417,3.51162586024
1.92044666667,3.7516546974
1.44232209877,4.22811744128
1.11892819149,3.71221252473
1.08674949495,3.55709127849
0.966471960784,3.45357549978
1.06845298969,3.62222669924
1.13531736842,3.71729035695
1.48911211111,3.92411157028
1.76157627907,4.14701299394
1.90604123596,4.05974889849
2.13107352273,4.06482521161
2.22578450549,3.94935249232
2.32137311111,3.94572329279
2.45015933333,3.90122447105
2.58655470588,4.15637816793
2.7792782716,4.26276069493
2.82478860465,4.07197503535
2.87358662791,4.09016988215
2.79319533333,3.90076664127
2.59568717647,4.11147689752
2.38686295455,3.99122112208
2.11424867925,3.42375143368
1.59534585859,3.61592963981
2.10683350515,3.69845861937
2.29699413043,3.9034330436
2.37222873684,3.66328738147
2.42353277778,3.94191841658
2.52178022989,4.03263434753
2.58947788235,4.14993679058
2.41663434783,3.79926492604
2.20097352381,3.45718591143
2.08432019048,3.44846289429
1.80621868687,3.65729893744
1.33478103448,4.07866592309
1.29596511628,4.09157977215
1.51976554054,4.74358653658
1.75960320513,4.46821439365
1.72212506173,4.34363786698
1.97670448718,4.63827751429
2.10201405941,3.57792838726
2.06587209524,3.41778000878
2.110926,3.39046276945
2.17421673077,3.44320573275
2.1578377451,3.50741011892
2.11653226415,3.37677871042
2.07246415929,3.19532687915
1.90418300885,3.17557801656
1.13980814159,3.10178809708
0.800629391304,3.03715492526
0.751191315789,3.0749161965
0.754562672414,3.04195281767
0.865371217391,3.05974214631
1.11730603774,3.34065734869
1.2864434375,3.66990998776
1.46438912088,3.87980254204
1.61430293478,3.89269380589
1.83832071429,3.67143880167
2.04005306931,3.5776640558
2.16494597938,3.66859569591
2.23381947368,3.73962000224
2.22806010417,3.73536798243
2.08932343434,3.63513863188
2.00506242105,3.73890633113
2.08880842105,3.74578743988
2.12085795918,3.65629278479
2.116669,3.59434278919
2.09977215686,3.51899240598
1.93769029412,3.52631407958
1.81033825243,3.49150891526
1.62934864078,3.44433897769
1.3500445098,3.45083931978
1.06860336538,3.372151949
0.967552523364,3.27307745836
0.932552962963,3.24001465743
0.889044636364,3.18893316536
1.0212659434,3.3364513837
1.14412415094,3.32511801902
1.18641792453,3.3385278087
1.63161056604,3.39874051339
2.03214307692,3.42799505163
2.0531007619,3.40350001323
2.09359660194,3.51003925656
2.04611240385,3.47509765181
1.83188747573,3.5139852842
1.46351152381,3.37971625955
1.38560944954,3.25376488774
1.15626482143,3.14404680903
1.07175633929,3.15747140967
1.03388123894,3.11980731952
0.907703247863,2.99992540973
0.7725585,2.92283068923
0.738968032787,2.87055721556
0.938334051724,3.02993022355
1.03658637255,3.4515916204
0.882559716981,3.32913492237
0.754676666667,3.08025494395
0.696453043478,3.04103006852
0.66614539823,3.11464095867
0.824027948718,3.01959658213
1.97681594828,3.09978876565
2.24211978947,3.75601893614
2.37034538462,3.87472896683
2.44560642857,4.16843722762
2.5794097561,4.33352451535
2.63186433735,4.23198943374
2.39187348837,4.02033832525
2.35084827957,3.77153621444
2.13134574074,3.35549142398
1.93768222222,3.33408179089
1.54833288462,3.43490514092
1.18068809091,3.17957384891
0.957627181818,3.19345020928
0.880477090909,3.19741131786
0.7897725,3.13158569091
0.705491092437,2.92100564145
0.875939145299,3.01475922633
1.12159353982,3.13223628271
1.20773271028,3.32561003874
1.98492320388,3.48910566448
2.13384185567,3.67665109845
2.3375989011,3.88031042924
2.44801180723,4.18999134356
2.53769440476,4.20692825937
2.55587392857,4.19415132565
2.53963903614,4.24211872237
2.45063096386,4.26198363287
2.38041988095,4.09164958721
2.19160417476,3.48267387704
2.17181981132,3.36230660971
2.05203018349,3.33244340152
1.99125761468,3.30280026697
1.74294433962,3.42248637735
1.4821496,3.57094830444
1.32664680412,3.64025575361
1.2868116,3.50803104292
1.16800616162,3.53422767565
1.28313765306,3.61889329339
1.48123265957,3.79254541545
2.53799719512,4.28391883758
2.57119104651,4.13707912037
2.54266176471,4.08190831705
2.52893023529,4.12789989749
2.43712233333,3.9377116993
2.26945069307,3.58897922537
2.16993314286,3.43936476354
2.07972969697,3.6205544087
1.607826,3.5738046228
1.43203096774,3.8123193713
1.20176721649,3.62008934552
1.12431867347,3.60585799026
1.0411156,3.50651330375
1.0234855,3.51886299424
0.9982175,3.52715655519
0.92977127451,3.46821908582
0.831528910891,3.48593003929
0.914856764706,3.44707758608
1.243021,3.55720430662
2.07545475728,3.50684540907
2.28226288889,3.9215936756
2.46380876543,4.32325569366
2.53209353659,4.25094748966
2.55566117647,4.14482848549
2.58812679012,4.31765684203
2.50953488095,4.19717072885
2.24460273684,3.72640450996
2.20091475248,3.63612228245
2.04897111111,3.37588394005
1.8710647619,3.50108755342
1.1788139604,3.49431364153
1.01957464646,3.56993039089
0.900675686275,3.45537055204
0.83184,3.41323427445
0.782521574074,3.24030873419
0.799868849558,3.10441830866
0.705407767857,3.11387392545
0.615889252336,3.2978199437
0.650678,3.40686022232
0.584332830189,3.33133542705
0.741024583333,3.61749822796
1.31994076087,3.91927681336
2.02333613861,3.66196662507
2.07822444444,3.70852854071
2.0929021875,3.89087118242
2.16440976744,4.07456177794
2.20207024691,4.33879322249
2.20604433735,4.06845062633
2.11010451923,3.40324102899
1.7928592562,3.01951321523
0.933279827586,3.06410578428
0.736523565217,3.07805136984
0.684990545455,3.22055201999
0.718228584071,3.14176706172
0.711034774775,3.16637920875
0.942038703704,3.25987967189
0.909202980769,3.37936972757
0.87483,3.32752680283
0.761126857143,3.34841757017
0.698439207921,3.50653982963
0.844614433962,3.304622389
1.67333333333,3.46879689714
2.07452525253,3.66960256401
2.1765516129,3.84364801261
2.23081318182,3.98394887281
2.24232072289,4.12899294613
2.35118450704,5.06915229024
2.38265064103,4.57012719981
2.35663518987,4.53443430606
2.24091586207,4.03978687772
2.09696898148,3.36553578723
1.94338850467,3.41568876054
1.12181908163,3.61012182034
1.04571752577,3.64330559446
0.88263172043,3.79103955942
0.798705742574,3.46421862055
0.736293,3.5028816271
0.604267657658,3.15463837259
0.673815,3.22802126646
0.779890660377,3.34506238482
0.967545480769,3.41970137806
1.084381,3.55126734711
1.77080313725,3.59035557474
2.02089,3.47670883773
2.12735116505,3.53585486504
2.18093693182,4.02294405689
2.29155929412,4.15050058251
2.4593175,4.44979145941
2.5040155,4.41468586383
2.59139103896,4.57412624517
2.54277441558,4.58637297169
2.44826283784,4.79654664623
2.30042315068,4.9292761086
2.08817,3.75729729816
1.08892978947,3.76417481113
0.675910842105,3.74896345316
0.593450860215,3.82425081566
0.513552783505,3.65898260726
0.466967326733,3.52095563459
0.505389661017,2.99675751911
0.646441636364,3.21007640366
0.741784646465,3.54891515302
0.633960877193,3.12218420055
2.03988033898,4.31364144271
0.448231333333,3.35003148781
0.420332254902,3.45635303306
0.39751,3.48244982723
0.543381842105,3.06472348941
0.625433486239,3.22858088672
0.661934811321,3.29721790479
0.670593069307,3.50444417169
0.923975566038,3.33375016185
0.909216226415,3.34297883623
0.981663551402,3.30315047197
1.02264963636,3.24190746729
1.14167073529,2.61715296396
1.98338434783,3.18093722695
2.00884721649,3.70827473059
2.01223958763,3.75024318694
1.47182352518,2.60431355274
0.32638888,2.78454977661
0.308924017094,2.94779932325
0.289890421053,3.55778476063
0.275498623853,3.18299794781
0.267964615385,3.33954433498
0.229872612613,3.12143977836
0.208001848739,2.92592219196
0.21900990099,3.47900241135
0.234508172043,3.6436201891
0.23149175,4.31379527078
0.226558607595,4.31108020562
0.212048958333,3.6037565879
0.218603135593,2.92133232937
1.78331010204,3.7613173922
2.05025666667,3.71590253242
2.0630769,3.69454960805
2.02357696429,3.24330346437
2.04414154545,3.28218194003
2.01718614035,3.21774105577
2.10482913043,4.90351055116
2.13232732394,4.85886092924
2.11425838235,5.08805556664
2.07561555556,4.58939062323
0.910385111111,2.65371066129
0.401369495798,2.92862753196
0.361307068966,3.02830160491
0.391236346154,3.39322293952
0.422872115385,3.40908657955
0.366898901099,3.91493058773
0.323349814815,3.24418891839
0.303127115385,3.39072697085
0.308360550459,3.27223588992
0.344272644628,2.94445065777
0.557421512605,2.9498172487
2.0100536036,3.24617385376
2.19300413043,3.89724511826
2.25514573171,4.33147089372
2.28253,3.93685811783
2.18155763441,3.85944551403
2.09457018868,3.46189756078
2.13748948454,3.78423884065
2.10685755102,3.74807917696
2.06550805825,3.61268618937
2.03991447619,3.51859414027
1.95451423423,3.30097082945
1.11222714286,3.4180816071
0.447024343434,3.59706728016
0.375421797753,4.00343326957
0.356751547619,4.27022225455
0.345489277108,4.32525765771
0.289963043478,3.87176311065
0.244604105263,3.68678027972
0.236503333333,3.36957007518
0.19926060241,4.27344235103
0.177024852941,4.80009099721
0.186160704225,4.8842321599
0.190023804348,3.77081352704
0.165921061947,3.01403161312
0.167428854962,2.63643722667
0.194945246914,2.16833401407
0.24696081761,2.23916660429
0.261864967742,2.29631720562
0.330653732394,2.49423521315
0.618920465116,2.7541525931
1.03365286885,2.92377421341
0.87185968,2.83694091314
1.27382130081,2.93987447552
1.92907547826,3.21422912055
1.73691652893,3.05228219886
0.509563303571,3.16025771284
0.386625238095,3.36531834143
0.34359875,3.41063489073
0.326109811321,3.35278304097
0.293639220779,4.612448161
0.245910325203,2.81674498738
0.234402268908,2.91131355759
0.263731415094,3.32697192073
0.220881842105,3.02504723845
0.212095636364,3.09695168258
0.208203,3.16212604268
0.221752280702,3.06902251416
0.223949357798,3.24624363116
0.237941121495,3.27325126086
0.234679245283,3.32925817532
0.252501346154,3.40719230228
0.267014545455,3.51966995031
0.325066691176,2.57917596127
0.3913576,2.34119060099
0.413629862069,2.42645229493
0.39012262069,2.42443809229
0.364274539474,2.3219326049
0.328349236111,2.45414146986
0.311462615385,2.69056712621
0.31513380597,2.64427651909
0.310989381443,3.69744762267
0.251525454545,2.6642179014
0.235913357664,2.53074217968
0.221091830986,2.45820747509
0.238599936306,2.21190801974
0.3036595,2.22196537508
0.490610902778,2.48941286195
1.16989669065,2.56258961296
2.21887430108,3.77723208023
2.35325360465,4.02837646225
2.38635166667,3.86976932396
2.23120526316,3.68744993823
2.17021949495,3.72004777115
2.05865567568,3.3050239509
1.20541542373,2.98741472009
0.773706666667,2.77459927752
0.615947165354,2.77547291529
0.541807462687,2.60929059064
0.495836911765,2.55759382874
0.483705971223,2.50317011035
0.450139642857,2.50171986295
0.425195886525,2.47612803238
0.391411418919,2.37588073011
0.428800955414,2.23445431627
0.458140986842,2.3047011244
0.545898424658,2.40529264685
0.671202307692,2.71625958485
0.747465299145,3.02277605409
0.731683304348,3.06881511165
0.613420707965,3.12446688077
0.727308790323,2.84821105971
1.94734092308,2.78290772977
2.04538436364,3.32006423627
2.05356693694,3.28096396205
2.00625057851,3.00350562094
1.68178932331,2.73734045347
1.04313884615,2.72544619426
0.838502713178,2.73192099119
0.766134,2.80861863615
0.70798176,2.83037067414
0.739025564516,2.82438726519
0.898929830508,2.98428214999
0.885260840336,2.9392455348
0.806768739496,2.92880936175
0.728738416667,2.91634494648
0.642498852459,2.88250754593
0.521344496124,2.71921620198
0.474195114504,2.67302317586
0.44461375,2.75585316529
0.566487338129,2.53346558225
0.964194173228,2.79810492812
1.15825248,2.85675725497
2.00006325,3.03963207959
2.07243295238,3.47565080656
2.20388135135,4.84338981767
2.22584817073,4.31499352781
2.20092438356,4.74306811623
2.03602697248,3.28633271882
1.08231495868,2.93089885767
0.7920312,2.81893670264
0.67636953125,2.74466963569
0.701578991597,2.94532302065
0.790493471074,2.89393825596
0.74275925,2.91689689456
0.746447804878,2.85946719919
0.681793333333,2.85010946175
0.60565442623,2.84776764383
0.604899274194,2.79618069443
0.585005213675,2.98180291365
0.537034876033,2.88867049576
0.477867894737,3.085494867
0.693316742424,2.68656833785
1.21024070313,2.8063552488
2.00144745902,2.95268492289
2.03625840708,3.24105848831
2.13416239583,3.68190950392
2.19861083333,4.04470465744
2.15892190476,4.08415484581
2.02051555556,3.36718935742
1.97374144,2.89699567755
1.91702601626,2.96166309633
1.23613765217,3.09916677171
0.916146694215,2.89320906031
0.822102782609,3.04581636966
0.762930446429,3.1429508597
0.677100655738,2.8580422832
0.839530983607,2.88853840466
0.843143934426,2.87217737614
0.761186260163,2.84538961509
0.6611472,2.79550805362
0.56759295082,2.85434881221
0.547495,2.84803798618
0.653791359223,3.37234453579
0.631813211009,3.189640577
0.593152636364,3.18099245134
0.516057232143,3.13236509656
0.519811,3.19605613497
0.777784913793,3.05127615741
2.15412253165,4.42068917679
2.42256611111,3.89525350811
2.52132704545,3.96372444845
2.43719376471,4.16743657592
2.24849067416,3.95859531162
2.07351230769,3.47474201088
1.78148018349,3.31796061722
0.807524770642,3.23777404861
0.698224148936,3.75183507947
0.633949557522,3.1171860242
0.611906837607,2.98041477121
0.552321186441,2.95710816027
0.47976372093,2.71075271401
0.474503636364,2.65459710031
0.452250305344,2.66822011193
0.379841029412,2.56596617028
0.369253451327,3.01118106175
0.341166769231,2.68641115161
0.325787384615,2.66399647468
0.39825575,2.94526613482
0.336550504202,2.95753773679
0.398069090909,2.92978983243
0.514519291339,2.7943642451
2.06645863158,3.48790436176
2.20600077922,4.40549395626
2.2130085,4.39514643649
2.14924155844,4.30224871191
2.10879451613,3.55122486035
2.10051580357,3.19938771372
2.05162446429,3.2198565041
1.17890592233,3.48756230682
0.914186603774,3.32891261305
0.825339056604,3.31521062501
0.744821565217,3.05948974932
0.64480792,2.81279668856
0.640726746032,2.8040032947
0.658596,2.71691282396
0.588871,2.72998578358
0.527998536585,4.36230970531
0.443236302521,2.98548384979
0.423182718447,3.41602663825
0.414060789474,3.10687330522
1.46015069231,2.80583741526
2.00586009804,3.48282126
2.05775215385,4.97502116604
2.08316392857,6.1260449335
2.0689145283,6.28078468177
2.09374431373,6.29896260264
2.10622266667,5.7812971324
2.10600948276,6.01639262002
2.11894746479,4.85759045564
2.09470774194,5.3593613922
1.49382757576,3.72053614941
0.593073435115,2.68964872618
0.729644545455,2.93032905379
0.915533018868,3.35987484905
0.893982718447,3.45618202624
0.773577798165,3.24450546829
0.761115811966,2.9907475049
0.774557192982,3.09411091429
0.668889238095,3.37149210002
0.584083761468,3.22304366028
0.596108543689,3.43543398206
0.563113428571,3.32504713302
0.6038965625,3.66819172803
2.01081178571,3.84251973377
0.728248347826,3.05944663867
1.26138959596,3.55382844789
1.65030434343,3.61965470269
2.049169,3.59106088981
2.15504313131,3.62664738941
2.16843346939,3.67863278327
2.19136224719,3.92623589999
2.134162,3.74858732305
2.10331787234,3.85280573594
2.15107342105,4.5795562537
2.20326168831,4.52724607407
2.21229433962,3.28413422874
2.24617134454,2.93690815034
2.21220330579,2.8887792499
2.15208985915,4.87933208081
1.79612464286,3.31335445214
0.437897373737,3.58265430823
0.405243469388,3.65983523208
0.397185280899,4.02366910046
0.3845351,3.55775931739
0.367711743119,3.23136133184
0.3248768,3.5343224663
0.321174680851,3.77183998465
0.373505108696,3.87890913563
0.610541888889,3.94808514394
0.678687826087,3.83459692495
1.8348432,3.67279659157
2.07734565657,3.72882673937
2.11270326087,4.00627545307
2.1458721519,4.3679505926
2.12599460526,4.48131045027
2.08215917647,4.28262949121
2.06447696629,4.04666435818
2.11727894737,5.68651360049
2.16586084211,3.73775414104
2.1946540708,3.09474356287
2.18303547009,3.00595529597
2.13109933333,4.59108941458
1.46229669725,3.37544661013
0.413127181818,3.21893902198
0.409206637931,3.02859678018
0.4255053125,2.74590850964
0.423351769231,2.73140416448
0.42284979021,2.49765651282
1.9760875,5.4946104415
2.03189805556,3.27629626771
2.16942461538,4.44144963971
2.22467476636,3.25570062492
2.20548365854,4.23733056637
2.06664767857,3.08654882445
1.14041307692,2.73839293179
0.68846776,2.84164108792
0.635374590164,2.91899604054
0.528784920635,2.8013366831
0.425098859649,3.08737825305
0.340168931298,2.69715618675
0.29666991453,3.02733853704
0.30004254717,3.34884439871
0.274783295455,3.71099536936
0.255467625,4.23785387857
0.226437578947,3.69504824389
0.199351794872,2.99149639724
0.183837024793,2.853868068
0.1749724,2.72219752708
0.194925575221,3.00186716889
0.209010148148,2.58030063303
0.184012733333,2.26958862973
0.20852809816,2.13724438362
0.23094625,2.21824198243
0.201866535948,2.27924564608
0.203738529412,2.05271774239
0.24675702381,2.09337726442
0.241180406977,2.04906678679
0.260233140496,2.82409879146
0.207008278689,2.77104950746
0.210095827338,2.48368975542
0.473876186441,2.81440279644
0.64257272,2.84499903098
0.721126198347,2.91519651607
0.925169655172,3.05038705029
1.40908609524,3.34940771941
1.9043951,3.64205598874
2.00670306122,3.71971534985
2.03672171429,3.50078883205
2.02776651376,3.35522716638
1.97128913043,3.1624922489
1.39074669492,3.04588651919
0.670883833333,2.9469910508
0.511887179487,3.02353303256
0.281162578125,2.78308480608
0.288605669291,2.79141860849
0.264414645669,2.809641054
0.260248584071,3.17982980251
0.261193402062,3.65832003487
0.295532342342,3.22407235593
0.472446833333,5.81747203985
0.289616428571,2.82074308309
0.240898717949,3.01445300746
0.242404537037,3.23180424701
0.223496504854,3.36068926179
0.208920762712,2.92840220733
0.281042285714,3.39587673375
2.09700796875,5.29351667102
2.26180714286,3.88534798354
2.21629712644,4.04201756264
2.17695261538,5.14902019842
2.04284660194,3.50103136887
1.07116876106,3.18360643574
0.755529811321,3.35201922686
0.762353333333,3.37201682872
0.693624454545,3.2245577278
0.580014102564,3.0159618596
0.587069,3.23493352975
0.527638214286,3.15065933042
0.522096607143,3.1641903838
0.441808956522,3.08751817094
0.410324273504,3.01210962149
0.404175948276,3.0278420724
0.336793103448,3.03990541481
0.305932608696,3.09430144793
0.261772293578,3.25117991901
0.244237154472,2.88348206431
0.265218161765,2.60872611497
0.362829305556,2.46229633798
1.96180389831,3.11568692596
2.12679883721,4.20430065667
2.16072443038,4.44376449685
2.17500409639,4.16999648715
2.13260895833,3.80004273129
2.04359323529,3.56215202206
0.809599789474,3.71065454494
0.785082142857,3.57192281985
0.750357019231,3.36866379985
0.71585635514,3.26533912463
0.677648173077,3.38455428456
0.628925555556,3.27165100847
0.622870178571,3.14225026269
0.536986086957,3.07280854093
0.524620512821,2.99774952152
0.486250720721,3.19976777642
0.689829495798,2.98247937075
0.754684159292,3.13670296757
1.53578575472,3.42243984672
1.96769529412,3.58126988493
2.04147606061,3.71507594988
2.13263136986,4.65568207605
2.1720928125,5.49593878653
2.17770671233,4.85007403059
2.16802883117,4.59239145842
2.15750893333,4.75810431994
2.12231753846,5.27516458783
1.90274341463,2.95796013587
0.618157894737,2.99873922391
0.5569496,2.81897397934
0.894686470588,2.95737083094
0.976335486726,3.13350586792
1.00327954128,3.24190313864
1.11469647619,3.34668162859
1.07859970874,3.40318911575
0.954325185185,3.25566373637
0.905263076923,3.36273628547
0.778112429907,3.27231647274
0.685622952381,3.37415853638
0.819262844828,3.05420188188
1.01132733333,2.94783072092
2.06501465517,3.13820557859
2.22924747368,3.75476838771
2.23763209877,4.02300557967
2.12943545455,3.95057218204
2.10032296703,3.9860525275
2.11294428571,4.01462095707
2.00977526786,3.2587909976
1.81321747826,3.17966095663
0.62445025,2.92358025014
0.488069130435,3.83168403261
0.400180322581,2.81922595828
0.398594488189,2.75885269396
0.411305934959,2.85726984419
0.342638583333,2.93906868638
0.30475224,2.80421206974
0.323864045802,2.65853577272
0.340848951613,2.81944427141
0.408430877193,3.07617572677
0.404941545455,3.21382383217
0.33265164557,3.82402197122
0.270571648352,3.91222977712
0.263353068182,3.97013622042
0.284531011236,3.89808075927
0.284536637168,3.04376180018
0.344217253521,2.45112275897
0.563955416667,2.42374437135
2.02450252336,3.40088586255
2.14139119403,5.1630750617
2.07770270588,4.28838075989
2.00223854167,3.86079749715
1.96033164948,3.78688930877
1.92164990385,3.54048583174
1.02020217822,3.53348802195
0.811265862069,3.00400091353
0.803125789474,3.08981291203
0.718668947368,3.09601316022
0.652126495726,3.02277134714
0.55942991453,2.99460760377
0.515426428571,2.77552015972
0.512625114504,2.66139360436
0.543378074074,2.6056608191
0.587057076923,2.71660531738
0.492345277778,3.27439718903
0.394721339286,3.15135513734
0.364612596154,3.44083221129
0.354308495575,3.15756251012
0.420238360656,2.87673888253
0.812212836879,2.51433957606
1.97603453782,3.03911726465
2.00878237113,3.59788498555
1.45274036765,2.65032515843
0.671559793103,2.41389676158
0.413248897059,2.5498002162
0.879741724138,2.43035855308
0.793017846154,2.71425404433
0.655415530303,2.6633501509
0.594804761905,2.815071436
0.55942957265,3.01151947481
0.56202,2.86790605392
0.537007857143,2.8082952333
0.500225275591,2.79740210339
0.438856899225,2.726389983
0.507749918033,2.88794547451
0.528552844828,3.06277677438
0.461512,3.04737762166
0.420149215686,3.44985616433
0.401841919192,3.56069969255
0.396863505155,3.61369127047
0.428749313725,3.42584887797
1.96089099099,3.31861836349
2.12803743243,4.48658715516
2.0087995614,3.19287312232
2.03746619469,3.23392415607
1.96864258065,2.97829960588
1.62164618321,2.75305493594
0.873162923077,2.7253544743
0.747119504132,2.95128623102
0.49013440678,2.99482186194
0.394625826087,3.06271215346
0.405277768595,2.90944165598
0.409164237288,2.99758844928
0.453298225806,2.8348814852
0.486197165354,2.76979929506
0.505138416667,2.93388035045
0.508053358209,2.63325362671
0.524593684211,3.0081361176
0.453198362069,3.05389461653
0.441604132231,2.89862030818
0.497936946565,2.69481613653
0.726381333333,2.63410982809
1.11964766423,2.61773987004
1.37361316176,2.65057578257
1.95588251969,2.89225569352
1.96506669492,3.09240618779
1.89734663636,3.32785435131
1.97479707547,3.44506576002
1.96183953271,3.38945681154
1.92018815534,3.53475848901
1.92609601942,3.56848335348
1.46371979798,3.64088315953
1.24098163265,3.6382295857
0.866260306122,3.6065020932
0.771417113402,3.61829767478
0.722497142857,3.56345292849
0.7311425,3.65463677909
0.714069489796,3.56524793696
0.710049454545,3.16251828367
0.866103773585,3.30353576159
0.97215776699,3.396595532
1.0848939,3.50566580159
1.21131609524,3.35602030309
1.85629943925,3.38179918253
2.05736268519,3.34665754298
2.06237154545,3.33424424956
2.07135660194,3.5419389385
2.05185809524,3.50886969501
2.00272423423,3.29141704748
1.44580888889,3.33504824127
0.800131333333,3.37368674323
0.570543541667,3.72673062956
0.5520115625,3.69324162042
0.504476730769,3.3476302904
0.552588148148,3.24518988521
0.564074018692,3.27658802985
0.490389449541,3.21497611619
0.472525188679,3.32893780198
0.671842941176,2.96453828993
0.953955263158,3.09151488981
0.899696315789,3.10336637434
0.686339745763,2.99745590737
1.12114793651,2.8395599946
1.92968768,2.9312913831
1.69299647541,2.9844467692
1.07200511811,2.77288843874
0.850132424242,2.67304986206
2.01468008772,3.16313992195
1.97634747899,3.07433962661
1.18809130081,2.91360469144
1.02358933884,2.97741900089
0.83012112,2.84106122271
0.671739666667,2.95012477791
0.482596470588,2.96928341274
0.472215135135,3.22166366196
0.464590366972,3.27098840013
0.43424125,3.17547244317
0.389479454545,3.22659559921
0.360756727273,3.2245655596
0.387990852713,2.73982516353
0.562397674419,2.74668670203
0.851531801802,3.17768640489
1.12992259615,3.40899278981
1.84408,3.54159417164
2.0367446729,3.3739304983
2.1363968,3.56095381084
2.18086,3.78425265566
2.19742105263,3.74487888798
2.13476970588,3.56107342517
2.09291288462,3.51327167373
2.03996278846,3.484772682
1.91768616822,3.39520966363
1.82928866667,3.44020640338
2.02281555556,3.36546380072
1.98583558559,3.27074820488
1.961291,3.3106259988
1.9194933945,3.32080997295
1.05544368932,3.44341482501
0.809411960784,3.44727563014
0.744742058824,3.43629514667
0.701525242718,3.39176148311
0.640720654206,3.29324496412
0.628668207547,3.32387930263
0.705833243243,3.16322308491
0.840717672414,3.0419195917
1.1894912844,3.25186899114
1.91234757009,3.33228347426
2.03898858491,3.36659199679
2.10719803922,3.49544394342
2.09755858491,3.42270100734
2.0446695283,3.40601425111
1.88226,3.44916503241
1.22685971429,3.36385778669
1.25183917431,3.2517461554
1.51890211009,3.26827457764
1.44626321101,3.30660421894
1.51648163636,3.26275608434
1.27266903509,3.11128536653
1.06382756522,3.07617622818
0.792938053097,3.12954394941
0.799291875,3.1439083822
0.689554732143,3.14204565031
0.747587678571,3.15817304951
0.819206637168,3.11457723196
1.00422018692,3.29888844795
1.12728570093,3.301381231
1.47504833333,3.48895747601
1.90672740385,3.44486163258
2.03430264151,3.4075361918
2.13280950495,3.59406557545
2.12551833333,3.51541258386
2.08291377358,3.41444521926
1.94896741071,3.22669945355
1.44504037383,3.3318425847
1.1109680198,3.50510362862
0.81148647619,3.35953214779
0.811143173077,3.36495832305
0.719679444444,3.25549296066
0.621995585586,3.1532528595
0.616895130435,3.0449495349
0.552847622951,2.87667140287
0.479045344828,3.00458161913
0.583312523364,3.28459380299
0.458176981132,3.32597918697
0.394332767857,3.13282520362
0.388322833333,2.91398877057
0.475471755725,2.70165481763
0.67987256,2.83570263279
0.755384615385,3.02840602556
0.779458508772,3.11259414473
0.75604426087,3.07190633471
1.19252843478,3.13022548358
1.91810504132,3.03851385006
1.7776027193,3.21182890481
0.673554473684,3.10269684146
0.519559090909,3.21198962714
0.473960252101,2.94732471826
0.477297636364,3.25404555323
0.536521239669,2.92974633858
0.549854715447,2.86690343967
0.587050948276,3.05320317051
0.585498189655,3.03107069514
0.551519487179,3.00520108978
0.490125304348,3.07339169348
0.511810737705,2.88372259717
0.504376806723,2.96970509518
0.5257025,3.0386449125
0.505023305085,2.9784236183
0.456002177419,2.84455356658
0.592370472441,2.77827529445
0.67716779661,3.01085161772
1.2863,3.20048097107
2.06598885714,3.46600369082
2.10561568627,3.56830270484
2.16774710843,4.0875825503
2.13668813953,4.17604935184
2.0375621,3.65830552019
1.40677401961,3.51295978314
0.763767156863,3.47301377986
0.654728461538,3.24057122632
