2.08806633987,3.44713150402
1.91202341297,3.57943498354
1.58698896296,4.54080119895
1.43401822878,4.96274874706
1.28786700704,4.9404160741
1.19378400685,4.74772443366
1.08838046358,4.58254886538
1.06462447368,4.48525772402
1.05385520635,4.35459420175
0.966910557276,4.3123499971
0.963178801262,4.32651887698
1.20616295732,3.84672180375
1.80990652439,2.94325419885
2.05580117264,3.56465815908
2.20844047431,5.54779154105
2.31424536496,4.93929585269
2.36327146758,4.77644225724
2.34054311688,4.73407226807
2.26596137931,4.88978265598
2.13484870968,6.24904085797
2.01732565217,2.918291616
1.59115070288,3.35659690911
1.39521720395,3.78523187142
1.16895034483,4.49599002056
1.17132085911,4.45174470361
1.47034730769,4.44022314113
1.41996643123,4.83653966389
1.32370073529,4.96471447463
1.25546830882,5.08898913692
1.19058859712,4.96629045915
1.1213133887,4.61056019079
1.08136846906,4.50871015715
0.972835509554,4.43596945408
0.879619136905,4.13710574708
0.79901916185,4.05409143133
0.952753915493,3.86755194251
2.14669632576,5.13239107983
2.2132007197,5.05817465293
2.19342564103,4.92646015436
2.20313925325,4.4580542041
2.17843490637,4.91064891855
2.07560330827,5.3875985726
1.65094945652,2.70805732004
0.991067387863,3.460435923
0.817094141689,3.70305332848
1.120817,3.9049272752
1.31348613419,3.98899012851
1.32732763333,4.34365534871
1.13906900662,4.52177080506
1.27255492857,4.81152179963
1.13985315068,4.69770913514
1.1199134386,4.94966590658
1.06717969178,4.73188724629
1.00653504918,4.54750589908
1.04558893204,4.45055867521
1.20105003135,4.15203831711
1.81669027027,3.09406082921
2.08675066667,4.1667121685
2.30209011407,5.04109030045
2.34147539007,4.85886006324
2.30948390244,4.87852588737
2.23470333333,4.89568853698
2.17120938776,5.72375540977
2.00648461774,2.99908573445
0.88355794964,4.89356802087
0.406740956072,3.5451648785
0.417536666667,3.44863297126
0.349077783133,3.35247585837
0.341669598109,3.22722934411
0.434977572115,3.28178883031
0.659621866667,3.75142623983
0.729185925926,4.07281097791
0.742193958944,4.29322905095
0.708230977011,4.23142122424
0.648660453258,4.09600893454
0.584629038462,3.97576280901
0.612307111717,3.89195590143
0.598885151515,3.88576631002
0.687177086835,3.86393947124
1.14807672176,3.35268187829
2.18038961538,4.94210805256
2.22004696486,4.33423876059
2.20617483444,4.33527995554
2.12847704641,5.5628777633
1.67247215976,2.86888190038
0.669666969697,4.0304737066
0.549673843648,4.27685223667
0.508859216301,4.3209918562
0.488580949367,4.36905005362
0.501393210526,3.97616111023
0.725055039788,3.7076861431
0.911967891566,4.13618639433
0.981505401235,4.11673042828
0.915740714286,4.22005328742
0.875907005988,4.18074371825
0.763280752089,3.9331623608
0.684695449591,3.78360613419
0.614881027027,3.82143100659
0.550451844156,3.77380922054
0.542194059946,3.85877695786
0.540145765027,3.75570981066
0.649533135135,3.58655536848
2.09318240343,5.74048898149
2.14780146875,4.06763478649
2.11481568106,4.40165371074
2.05061114537,6.21203072853
0.555139737533,3.47150950231
0.346920623229,3.80390461174
0.352510972222,4.31135069757
0.306281439791,3.56594349755
0.281608030303,3.5360300287
0.382862182628,2.95905342196
0.390273019694,2.9028168543
0.497808213457,3.24414225277
0.67140953168,3.99107090712
0.714760634441,4.38656633354
0.651049908815,4.4151017655
0.607292421384,4.51605797029
0.626946925466,4.24700075174
0.589641094225,4.13859574519
0.503898035714,4.1073704165
0.470784393939,4.06340184425
0.472603638968,3.99231973334
1.04957972222,3.26238122168
2.09231096447,6.3426623815
2.1253470997,4.13947880361
2.12589645161,4.03472408651
2.07197619565,5.83128883028
0.633663189655,3.63463374968
0.289118018293,4.53560992943
0.291415768025,4.61780829212
0.242455205128,3.76078144079
0.206967077922,3.21477298734
0.204749102845,3.19421979436
0.223265439815,3.39157028456
0.237398091398,3.87210362498
0.207881770115,3.48924734739
0.346731784232,2.56051869888
0.37931117773,2.81745916882
0.398416838407,3.24073617491
0.486712860892,3.60831270192
0.507142876344,3.60418240233
0.443238,3.47151760889
0.429140290237,3.47452249563
0.719658891821,3.26051470099
2.18617104918,4.23295946787
2.25936111111,5.38289105605
0.436513306452,3.5991186588
0.445360055402,3.59610463896
2.20139474684,7.86430812727
2.07582066176,4.11417350565
0.236537307692,6.24489024595
0.25426826087,8.33262039343
0.20907496063,5.85870394279
0.197975727848,4.34878186375
0.203742352941,3.92924310049
0.21836200495,3.50864160443
0.331655577889,3.31797257234
0.339699678899,3.0855856955
0.506714811594,4.11203326741
0.603260629139,4.30643181652
0.573185,4.21000643984
0.562825714286,4.21424391357
0.501535875,4.17546674654
0.548397179487,4.17481126954
0.966065981308,3.63591892631
1.99987700389,3.55934896548
2.10871054299,5.87433724021
2.18595336815,3.437002518
2.37538755556,6.74834243355
2.36613,7.70856384566
2.21246760753,3.51954518473
2.00363510714,4.67079101209
0.322219962406,4.84658215439
0.44504227882,3.64289438993
0.414258829517,3.44045765371
0.471540959596,3.34989016883
0.490327359413,3.2600422275
0.517548488665,3.34647835411
0.429999105263,3.44714654045
0.435103551136,3.66079670776
0.384265079787,3.57986259375
0.356364338624,3.56914914706
0.360139198966,3.44565570714
0.385178771084,3.25294973827
0.392708158508,3.14506252936
0.428357357143,3.01920189688
0.763010804598,2.85862160916
2.15033007273,3.57762657421
2.2451087931,8.28555849576
0.327780433839,2.93526671309
0.232457811861,2.8563288335
0.42885753304,3.03151905087
2.16949526814,5.28788952632
2.01539081395,5.30345384069
0.258083809524,10.5336864815
0.215588649635,6.54673313958
0.195243285303,4.86059268707
0.164659484778,3.4478568091
0.389613310658,3.16435079945
0.504624543269,3.11415550618
0.422200711009,2.95299921862
0.466028324468,3.27931345237
0.580755866667,3.3119264404
0.668938864865,3.46530212966
0.778072168022,3.66274808233
0.947349839572,3.44201494941
1.22689233871,3.25541720708
1.92440605187,2.89176603396
2.10546015385,5.6150596631
2.19528061785,3.09197177016
2.31699492447,4.03535321285
2.42466338384,5.81303786807
1.87648726496,3.5290762916
1.8277916,3.41844807747
2.35071137546,6.09543768189
2.14988012012,3.31034885276
0.560594699454,3.58022393808
0.328836521739,4.09655997959
0.358421666667,7.87078730174
0.263479418283,3.70388198927
0.246414019139,3.12917168283
0.222281025641,3.19929380568
0.212843864865,3.70648244676
0.25699591195,4.41108063881
0.408367138643,3.97489263778
0.623943214286,3.91844085999
0.685397165109,4.06802751486
0.721384523077,4.14561905932
0.758371697531,3.94463766917
0.854663908046,3.66276832211
2.02013388112,4.37661877319
2.14655852234,4.55256668087
2.19336961877,3.95737787223
2.29088634855,4.83578983178
2.38491962406,7.15527453036
2.39848906977,5.3117046313
2.40370388889,6.81787337552
2.25265557093,4.59589932228
2.11816676471,5.50860808029
0.55441548951,4.28704117843
0.503366206897,8.0878215523
0.408947372263,4.92941323451
0.407162168675,4.29492923451
0.431778736842,3.89864683655
0.445262650919,3.89068369226
0.468653518519,3.8857918433
0.553821946667,3.68299646349
0.710731802326,3.76090348391
0.674089597701,3.69865095569
0.658119051724,3.66002003768
0.605193037634,3.51894009384
0.679583756906,3.37361380124
1.38384395095,2.71013554435
2.23563721239,5.35144235324
1.23343635783,3.70949188224
0.304097819549,3.2328719187
0.223453168539,3.04767950884
0.202315517241,3.0935002426
0.371727443366,4.27058199484
2.11949943089,5.89037034111
0.532980095694,6.76639851351
0.157432592593,5.8302251298
0.151725433526,6.09158031569
0.15129655,6.39457386338
0.134489583333,5.29674928488
0.138531054131,4.49810304965
0.146125542453,3.78865768515
0.155020053333,4.27376424527
0.179038129032,5.28957357066
0.29212740634,3.45357929085
0.395950820896,3.02013063803
0.392427709924,3.22001477925
0.535493046875,3.29035388544
2.11236295455,5.01985624675
2.17313221957,3.17871950408
2.20969216814,2.95308569976
2.25302906667,3.29413330047
2.27895159468,4.30446736204
2.29608327273,4.79981642253
2.25698409266,4.43820612493
2.17216805825,3.18688064665
2.08551863799,4.4130048912
0.436164267016,3.35730241249
0.232462473118,4.14107955728
0.231909190031,4.42861442923
0.226828446866,3.69636347266
0.22957108747,2.92183593745
0.278783599034,2.95770505655
0.379352424893,2.79332458517
0.465312878049,3.19902307981
0.558035454545,3.67353359941
0.543565027933,3.78049177221
0.4653328125,3.87129472534
0.41954005305,3.71149895964
0.417808040346,3.85047671378
2.13698282051,4.36445258273
2.16748473404,3.59595344824
2.21535962877,3.28505258687
2.247592019,3.28226184827
2.260911,3.21972249579
2.25432176179,3.47610775876
2.29904092141,3.71127883689
2.28867728395,3.93645101576
2.18985257463,5.19628155869
1.90030809399,2.39578277427
0.697166549865,3.67343013426
0.651272473684,3.61800422391
0.584577120823,3.52694445649
0.574748763158,3.53155647493
0.523555903308,3.51003897879
0.471791600985,3.39769433589
0.430655061425,3.37783655083
0.435395600962,3.34650924334
0.518038603352,3.77889050864
0.970186574924,3.71607385165
1.79206281525,2.5690445503
2.1681263035,4.98568962473
2.22184872549,4.39814637524
2.22929831776,4.27139322961
2.19697570934,4.48899310778
2.12820171315,5.96705494724
2.00319247678,3.47887269584
1.15772686869,2.99314687416
0.767435074627,3.28129054637
0.558262379747,3.41335296076
0.427854552058,3.41181186583
2.39467308271,4.00788991389
2.39564505952,4.00844749899
2.38462321981,4.18421950006
2.32066213836,4.32398160074
2.24225437037,4.78806755866
2.08565387324,4.58220249274
1.16112146739,3.29096824566
0.596117747989,3.70428002704
0.506618148148,3.66287368322
0.531412942708,3.5504198434
0.792631863014,3.71965370131
0.631017876344,3.76339235316
0.670178286517,4.04935442158
0.727771186441,4.05177303279
0.625674898551,4.24294610158
0.574637541436,4.06042628573
0.578273888889,3.99283771602
0.570908218085,3.84756207267
0.614836342105,3.56916981219
0.72987734072,3.63170037258
1.22039451791,3.39517982197
2.04149373802,4.06259755782
2.22549984848,5.02210567625
2.29270280597,4.03623661792
2.3459806686,3.92739436065
1.66024205387,3.87608713462
0.913466385542,4.17573662203
1.01881908815,4.0522235461
1.29929395137,3.80488027335
1.61806696165,3.35847740348
1.92529495468,2.7739380345
2.00961078431,3.43753201742
2.25848895131,4.90533637525
2.29577672662,4.8749354818
2.3286859633,4.24661775432
2.35269665722,3.84464647486
2.38938420896,3.85688761635
2.38598382263,4.0240355131
2.30115543353,3.96158218683
2.10734750973,5.04342107513
0.432944385475,4.05437753858
0.38482339779,3.93673538443
0.342769973753,3.49592705258
0.301239285714,3.58094894124
0.292089515738,3.43633729512
0.258678120482,3.28675051109
0.258911580311,3.45551487811
0.250242505747,3.25571138881
0.263803709677,3.21886245912
0.340003126338,2.87973197841
0.436668741093,3.29146342773
0.454990298507,3.46898026587
0.477843848101,3.54640636393
0.517076078431,3.41459486287
0.547218365385,3.22604203924
0.759487493917,3.02452250494
2.01670846154,5.11801933465
2.10065489552,4.01449842988
2.12167447248,3.18095104132
2.09724100559,3.85744134251
2.01330801471,5.2692879103
0.359824457014,3.03470615566
0.358254975369,3.22361094303
0.34592012285,3.16402294491
0.321919268293,3.13549131249
0.377440993228,2.89558448951
0.407446544276,2.85885345831
0.443184147465,3.03823106174
0.417495302326,3.02672568861
0.427793071594,2.94282260484
0.54180596401,3.55315654805
0.672265616046,3.88502531226
0.627659047619,3.82226979807
0.590015817694,3.57868717775
0.579330380711,3.42522436594
0.861488652482,2.94272952715
1.6050540327,2.60190333062
2.09647243363,6.01406913293
2.13484053221,3.69655757269
2.22518193705,3.31908566815
2.34331217984,3.41597064274
2.33379971204,3.34370678595
2.23802730198,3.39454097373
2.15070973077,4.82868199
1.12815672457,2.87331103889
0.674172207084,3.52951613201
0.614393972973,3.59177900363
0.53888824,3.61043841645
0.442533198992,3.47151367479
0.400772154567,3.31082065204
0.375909471154,3.3051030398
0.36014040107,3.67051711728
0.387463412073,3.60058486566
0.534115208333,3.46997305863
0.894595297297,3.51827890553
1.14175414169,3.38394421972
1.22274098667,3.21881125272
1.42164725806,2.99851116683
2.06632274834,4.29223367702
2.26782734767,4.91613474025
2.31547814189,4.40772559194
2.45222013072,4.37448457881
2.47167185629,4.02783446896
2.47810369186,3.97255429295
2.37470427807,3.77552652908
2.25401395498,4.28851576908
2.05630050595,4.07860883058
0.927989791667,3.3768596211
0.650125973684,3.60331185354
0.52784126943,3.49614090765
0.484720232558,3.45299827707
0.387380546875,3.51089964397
0.319935184332,3.21087022169
0.319998759124,3.29194163279
0.300775078534,3.59041065625
0.299578058968,3.44002879712
0.429014013605,3.03531777818
0.59392877193,3.34726175235
1.42887714286,3.34489407532
2.09695142857,4.12262876656
2.17347424051,4.45281182706
2.28977753676,5.10478497271
2.31124388278,4.92697377114
2.31123933775,4.61449841235
2.3146420743,4.38675469834
2.31449165746,3.9932688355
2.29129623978,3.9277596352
2.22942507003,3.97964684707
2.17017069231,4.91205677242
1.95900806094,2.78506161281
0.710112313625,3.47386030688
0.528413128205,3.49546430205
0.467512225201,3.55345699562
0.416451643454,3.98737428118
0.307314640199,3.45124745499
0.301801005025,3.60079713427
0.284348787129,3.544159666
0.302027229219,3.73740575432
0.32585565534,3.35535166397
0.341823357314,3.32985258029
0.341059274005,3.24373153059
0.381463020134,3.00202044752
0.400000111607,2.95247293065
0.492656060606,3.08133420229
0.575989954545,3.06402386595
1.13005474576,2.89408005437
2.03521725275,5.5273058683
2.14117984848,4.15263218728
2.17049634091,3.1470149424
2.20106592857,3.21239604961
2.1793535023,3.09150377352
2.11923733167,3.27596882058
2.03836695067,6.12831745728
0.338302922252,3.50844942743
0.301527078313,4.27235831565
0.289438065476,4.30571333324
0.264919607843,3.67565334809
0.188528592814,3.84626489463
0.173319036403,2.96548829928
0.166201528497,3.72261328034
0.163796407507,3.92214677057
0.194882268657,4.58374089428
0.250557461538,3.61792967546
0.285463420366,3.41154580663
0.269936853659,3.25800291655
0.340912429907,3.2164888357
0.55691515,3.25447172737
1.99562735202,3.19947731239
2.17232416988,5.04486980267
2.2058561039,3.64516097714
2.26427731302,3.69092444514
2.28434462687,3.6195928722
2.23024534435,3.41415767088
2.14665513189,3.15414189107
2.06925412698,5.85949500312
0.350439210526,3.81046793456
0.283766666667,4.31611941736
0.301298961039,4.32455452061
0.255951292517,5.01145656331
0.246070959302,3.78541646482
0.193718397933,3.46345794504
0.180571662651,3.326656559
0.172877566667,4.83529594798
0.174943799392,4.85017141976
0.273386092233,3.12772954624
0.304419445727,2.77825309812
0.36330944186,2.88753866034
0.453619566327,3.27248633336
0.558831318408,3.11411584795
0.717966159601,2.97317556988
1.99501709677,4.13619746614
2.14443031142,4.48216271863
2.22036398396,3.56649499583
2.28992660661,3.62306278176
2.32552652632,3.75466922211
2.27768097059,3.56668872169
2.2271758312,3.52172969391
2.21487006472,4.21109693483
1.66189303116,2.92882080625
0.630652434018,3.78349570258
0.588154149254,3.95069414641
0.606083594306,4.34427854368
0.62232484507,3.87787476213
0.70061234104,3.89842263144
0.870561292308,4.21378967745
0.974012724359,4.44146207509
0.932073904762,4.42014524945
0.943975514019,4.22053259592
0.938903558282,4.11345454144
1.01369259819,3.90313202828
1.14840536232,3.53714554096
1.85584410557,2.56110640612
2.08134676259,5.12849714183
2.22302988636,4.61878416693
2.23869832891,3.65051234791
2.26073348148,3.35552331818
2.28737377841,3.53368035899
2.24261524691,3.7172164553
2.18624648415,3.64807693866
2.11193428169,3.65491080542
1.74403980831,3.29190706622
0.332937207207,4.26520205425
0.310527381703,4.06207651552
0.322220252708,4.23517855764
0.248141484848,3.94172778438
0.217024561934,4.00519835862
0.185805792208,3.6645992254
0.175089329759,3.72203016229
0.211095482094,3.78875093963
0.252127076167,3.51607527632
0.290256005025,3.3192675053
0.375677357513,3.47237368408
0.503408221649,3.32669672886
0.812490164835,3.43032012044
1.6986499446,2.6673566262
2.06907145329,4.62507967224
2.22805666667,4.68370945937
2.22109754601,4.2233502231
2.23487682081,3.91477684564
2.24416417614,3.73245585374
2.22536175711,3.49636249498
2.18731748031,3.583203778
2.13485752542,4.43704941508
1.60581320917,2.92774040879
0.45010092437,3.62911444521
0.386037067449,3.79928317952
0.357226069182,4.32370147461
0.299747440633,3.60490713302
0.307862578947,3.69724345741
0.297506761229,3.40465063611
0.318189512761,3.20273469506
0.369733798077,3.26052615003
0.434480102302,3.41227627363
0.508629114286,3.67239002577
0.507256676301,3.82319961231
0.488640681818,3.72343561381
0.511842422535,3.56018813515
1.24982394286,2.74848540147
2.13013084416,3.82992401231
2.15399454787,3.59933257694
2.17499480114,3.55876868997
2.17508689655,3.37506514333
2.17483309091,3.4855600427
2.12615390957,3.51959877332
2.08621484848,5.73731755301
1.32994395349,3.17785699577
0.351591908832,3.66624467841
0.308679002933,3.68762451492
0.295447053571,3.74873970932
0.295270990991,4.17873017904
0.30188253406,3.68201490402
0.315692063882,3.51609472684
0.341719101655,3.27537999727
0.429998144578,3.2441155682
0.497106408269,3.38987864497
0.653765534247,3.70858701728
0.706102631579,3.79928755133
0.72897442577,3.69246431154
1.25570614525,3.1318086035
2.01525521173,3.82955933776
2.16808215328,4.55369780944
2.20660457219,3.59787314274
2.22000233062,3.52582622506
2.20491187166,3.44128474489
2.17203691729,3.43247423001
2.11662559278,3.59106214838
2.05692993711,7.73186003603
0.596142167102,3.28868319844
0.242345108696,3.54398817493
0.235514548105,4.0605701958
0.20342612069,3.66489516481
0.207902578125,5.59891715085
0.159473545455,4.19849723508
0.151018661417,3.47132371916
0.142969693095,3.50980596509
0.143224281915,3.74003831645
0.151116420455,3.76119657911
0.167693727273,3.97656514493
0.178883398693,4.37669364811
0.234162446809,3.35260627975
0.292103542601,2.87889414589
0.306471495098,3.10886231143
0.604082070707,3.03019021306
1.91909211221,2.48595732959
2.05543668675,7.53035292459
2.06045713415,8.30683318447
2.04642824176,7.21072244299
0.632439820513,3.30701665002
0.28947175853,3.74287857528
0.269332628866,3.87137898049
0.226227160804,3.65509247585
0.228444373333,3.75845160941
0.204487535014,4.11596383821
0.221898985507,4.9886915395
0.188442284123,4.26950628964
0.192147005495,4.17840370299
0.191413032581,3.86669153553
0.196471564482,3.29928011474
0.209022458333,3.06237282801
0.20954626556,3.00456288263
0.265266061185,2.58299731775
0.462575580913,2.70138086348
0.633090401891,3.06390076767
1.2066813577,3.24532252903
1.98548259819,3.0089187592
2.12958708502,5.86525257652
2.14361763251,4.75001819172
2.13204333333,5.30632900478
2.07497432773,6.73624383516
1.69600254795,2.81626204952
0.585657869565,2.91236412593
0.344435891304,2.95498863756
0.355390263158,2.95730310912
0.330830723404,2.94760758826
0.339327531915,2.90581804976
0.425093011765,3.20457646707
0.53851816273,3.52328164177
0.621916956522,3.93303230047
0.726457791798,4.30069583691
0.818602200647,4.54583267444
0.755172019544,4.51679510309
0.739025517241,4.45520077102
0.684762415902,4.31078563766
0.694840235988,4.17603774112
0.699244092219,3.91102950127
0.876924803371,3.66460009402
1.414401875,3.13919812209
2.08638684588,4.33089000932
2.20157337838,4.58672876981
2.21780512121,4.08753624584
2.17414019672,4.29443298783
2.15492229249,5.56710207321
1.99717690402,3.6024713608
0.779963486005,3.39503646648
0.580011888298,3.74752612889
0.492709081081,3.90133254059
0.460021608911,3.57124617658
0.450893485194,3.24509875165
0.431594822222,3.14747063348
0.516062680653,3.15547206067
0.756768831169,3.45793475161
0.873935765027,3.76470785439
0.960653764368,3.95205742741
0.943241071429,4.15167183965
0.919338304598,3.82091388994
1.03885535817,3.79904201189
1.06435326761,3.72569842166
1.11418515152,3.61350077009
1.45369347258,3.05304290684
2.10200968421,5.39150706671
2.22508755486,4.11106823437
2.24876441558,3.57883621869
2.20200898072,3.68052305293
2.13812853175,5.2108108778
1.42963843373,2.64734392465
0.635735310174,3.19844291944
0.489084797136,3.22957908028
0.466020514019,3.16996188008
0.394512471396,3.09490353943
0.366273586957,3.02581021123
0.309782584746,2.93554524242
0.294245231214,3.76885740924
0.240956111111,2.98133285323
0.252253442266,2.96784646934
0.321259258517,2.68222685226
0.601838169336,3.12935024863
0.755888467337,3.36755830719
0.945960846561,3.50463346839
0.756725544304,3.38603282685
0.766388875306,3.19622163664
1.036010725,2.99620503092
2.0497085022,6.69701569738
2.1545397832,3.5474454008
2.21498087719,5.0673230521
2.21088840708,6.00248960968
2.09993197015,3.30795573445
0.410973149171,3.43225191723
0.247591830508,4.73391793537
0.223494604317,5.68688053075
0.223251039427,5.95526537428
0.216015843373,4.4468885397
0.191194197861,3.91793862464
0.183458568282,3.21059583703
0.194103916084,4.8236489241
0.169089255663,5.1054936595
0.157115596026,4.76656092106
0.158676,4.56674126054
0.15532022082,4.4829096164
0.152720513699,5.08020570927
0.269745167785,4.2657837163
0.438055201149,3.74083644474
0.91927290411,3.1675685194
2.04462309524,7.01124152329
2.10157853741,4.21627551601
2.26187979798,5.01805527335
2.32077269608,6.2893280619
2.27265641667,7.70034606577
2.09314138182,3.45124101405
0.292839709763,4.44324637963
0.2456529375,5.40120245959
0.263043702422,5.4316344769
0.283739563863,4.44362464819
0.277270984043,3.25079455667
0.253460146341,3.09863705572
0.222867690418,3.27083800534
0.200127639257,3.41793063693
0.202743314286,3.7138752519
0.202933471338,4.40493817307
0.184727392473,3.64974693573
0.356825514019,2.74069036702
0.494429384966,2.96743473415
0.399442721239,2.98926699638
0.360402805139,2.85851899272
0.385627494505,2.78854977199
0.917158731707,3.10821334824
2.08826607438,5.43121387776
2.23399992366,3.45407497122
2.24928960245,3.70946502606
2.26366880952,4.20307442275
2.17133174779,3.07624240595
2.07198636816,5.01133274829
0.333501206897,3.57465264495
0.348052989418,3.87523263862
0.340047160804,3.68469788051
0.349396232687,3.93044851822
0.358006775956,3.93528911654
0.388943027778,3.70069461242
0.537869794872,3.43189602171
0.510344915663,3.26230728409
0.585009947917,3.38271501932
0.69723766129,3.50354065208
0.763956275072,3.77886025833
0.753751088825,3.84042970723
0.954499125683,3.59227684798
1.76369544959,2.66294111481
1.96517730556,2.64368300948
2.09671797909,4.91487573383
2.15913725191,5.01404604773
2.18644075209,3.74108722893
2.31169197772,4.22359356243
2.44818852941,7.01263991271
2.39196554502,5.73477089822
2.34482749206,4.50420833246
2.18114016043,3.4212864761
1.436555625,3.26080895096
0.478108179348,3.58627534025
0.462984553314,3.89557686705
0.458286131805,3.80885629695
0.420293527697,4.18240659297
0.820812952381,7.31979709605
1.26158233503,7.41785035944
1.13629692913,5.63863892521
1.00664328767,4.68506259873
0.980854782609,4.57120739756
0.863876196721,4.48066918663
0.855316791277,4.39533740115
0.860773012048,4.06016164861
1.14170089855,3.67987662375
1.66206740113,2.99170749887
2.07439806338,4.51076276219
2.17508094697,5.26878464607
2.45307348348,4.02315017615
2.56660805556,4.2532838397
2.6429029,4.39989270866
2.53649897516,4.27779833802
2.42489427273,4.22150551858
2.25952954225,4.79263730848
1.93506062663,2.72124551181
0.883413932584,3.62792183501
0.736813393393,3.83077482844
0.69452662614,4.03488103173
0.598594744027,4.42366546085
0.490570027473,3.71350708734
0.526531880109,3.67355599793
0.681502284866,3.94885018751
0.72066112462,4.09021725985
0.787860625,4.1822568262
0.891384371069,4.27160361758
1.02274105611,4.4632631906
1.14444138983,4.4394742478
1.34958935593,4.31398590676
1.62775887043,4.19021034382
1.9214137377,3.6082306995
2.12090909091,4.1839592442
2.34978746479,4.75699589449
2.45760041791,4.11941786611
2.51857058824,4.05128746996
2.49198916667,3.94605512528
2.37136125,3.89593428312
2.22972868852,4.07481154663
1.18072535809,3.33356093803
0.55167454023,3.74410430919
0.453695723077,4.35151016923
0.415884181185,4.39608316741
0.308634491979,3.68165459223
0.265607929293,3.64857952622
0.252889036458,3.74196418758
0.240556918768,4.0764608202
0.26242625,4.53407964009
0.24828783871,4.96844915928
0.239184863946,5.00445149446
0.242400138408,5.07905316361
0.228932304965,5.1202217777
0.263084548287,4.584165611
1.76131120588,2.77952172106
2.21073766537,5.67472052395
2.39778015564,5.33402339071
2.46737199288,4.93511014585
2.50860045752,4.29979359662
2.49617407801,4.27936295403
2.46021125954,4.49416311605
2.34494760135,4.05326748079
2.18926252778,3.74009391644
2.0448144,5.49930445005
0.347574143302,4.46424107186
0.302943608247,5.1436562523
0.264262777778,9.04986745802
0.229125049834,4.77627246059
0.192080856354,3.99506579279
0.181958843188,3.77264589772
0.216270334448,4.58034282873
0.179868862876,4.68444314655
0.185626263158,7.28759954307
0.1621903125,7.92540535692
0.173860462963,6.51745611748
0.156569382239,5.7062279487
0.14893,5.85130623311
0.154389517241,5.02149000651
0.214215428571,7.8792821204
0.25617310559,4.29409634242
2.03240375,5.30568892478
2.08693622581,5.26148584542
2.17378941176,9.13210258863
1.70395505952,7.02653400408
2.10755124224,8.18375522283
2.05381612403,4.27093623264
0.374416206897,6.27282881565
0.173636443299,6.63724310847
0.133988705036,6.1458106206
0.158379944444,7.52124171211
0.2024765,5.40606135353
0.22399383378,3.89926825325
0.214463076923,3.55609761986
0.317382837079,4.15714238567
0.386626101695,4.23997658495
0.453740993976,4.12731165845
0.445602990937,4.10185530695
0.407602250712,3.8275999057
0.375176666667,3.84363188821
0.388967472222,3.84901766869
0.817489285714,6.44183313919
0.221450932945,4.65552708501
0.200324595843,3.59467826679
0.174808230616,2.93414447921
0.170334155598,2.69592966773
0.206753436293,2.67648460747
0.225380043668,3.10546233782
0.265349671772,2.78263951667
0.344531156812,3.25619982703
0.380956926829,3.11883367789
0.445448916256,3.12916875763
1.93267217262,2.98618784384
2.22201426282,3.73223526674
2.30631393939,3.40070968659
2.3294522716,3.354118513
2.29474501217,3.41227826537
2.21278891892,3.75487909325
2.1622505178,4.32178082121
2.13407138182,5.03819055144
2.03745404762,4.00196420571
1.78791907652,2.62838297843
1.24740473404,3.39141268245
1.11722770053,3.58851023196
1.13787933131,4.1001176212
1.05590751572,4.33745964013
1.03204934985,4.39625765025
0.872533649852,4.12236597902
0.862953544669,3.9684026052
0.777034198251,3.93970736366
0.724812550725,4.01470638799
0.702358526912,3.88631015243
0.954784804469,3.63145671437
1.79433861671,2.8263384396
2.11763528169,4.74321916411
2.28028988636,5.02758252178
2.35219200704,4.55528003225
2.33031397112,4.75767542618
2.25491269373,5.06529065738
2.08185498413,4.25049379641
1.46384225316,2.94992413977
1.11367175853,3.38819673552
0.840955065617,3.67986035479
0.730927342105,3.71397275939
0.669045342105,3.74670226422
0.701560797872,3.7118261147
0.626864470284,3.51758413433
0.554061446384,3.43651443552
0.568297506427,3.55901340369
1.91880938849,5.3497108647
2.14231771186,6.46898188842
2.10337706767,5.71159465527
1.99683191176,3.26726972327
1.46963306701,2.7776668392
0.808797303665,3.5358100712
0.693915609756,3.77403874453
0.603339552632,3.68908874831
0.538321844156,3.62147149838
0.453416758794,3.61637231395
0.447146015038,3.47301743089
0.398690656566,3.52258378984
0.308726109661,3.6890470615
0.307168016304,3.84193985001
0.28975878453,4.08357259414
0.311305176471,4.4001532757
0.399316987179,4.49665622063
0.445926026936,4.55983017981
0.492385986622,4.43130729862
0.48682090301,4.33480059105
0.724190460123,3.71525903774
1.27710667665,3.18979488856
2.09836328358,5.58695690417
2.14410481203,5.18467987173
2.09964436667,4.99042099617
1.94200709677,2.63816501568
1.20408862434,3.35264589811
0.799568453039,3.84820223873
0.70004066482,3.92093163231
0.63651866485,3.97418041411
0.748708276923,4.44726836978
0.795989904762,4.45728440983
0.734236918429,4.30688524171
0.621092923977,4.13369422727
0.588595777126,4.01981215126
0.550622463768,3.99115051296
0.539173085714,3.82694515421
0.490718228883,3.76102359854
0.442612597765,3.72896756436
0.406214093264,3.47645853138
0.381301301205,3.36524718976
0.522498611765,3.20139958514
2.06113177515,6.21300244726
2.08571522911,3.85118342283
2.06428072664,4.72366908734
1.74347973978,4.72225879949
0.218056934307,3.49648288713
0.247897268041,4.01368000279
0.267643649289,3.53015948572
0.301196026316,3.68608024238
0.319924297297,3.97303991489
0.541118591885,3.13163127456
2.02915704615,3.40152748694
2.18431971119,5.38780613814
2.26671397351,4.38764568074
2.379190299,4.39758361715
2.43479792079,4.59138388016
2.49664351792,4.51265475837
2.40356507205,4.02818165393
2.30688338583,3.72188214418
2.21232590296,3.66996841647
2.11947765217,5.63553015261
0.883693105134,3.00492154906
0.299747150538,3.50508242773
0.27784025788,3.8373743589
0.277754357367,4.6140252663
0.244543984375,4.07731942427
0.287976703057,3.05213604288
0.30236623301,2.6048330007
0.387678398169,2.89911230835
0.382215971223,3.11140388203
0.418522590674,3.38509262342
0.343515215311,3.25076509642
0.36160813602,3.38151024456
0.374098097686,3.54444752341
1.10688435013,3.10790281097
1.77395804665,2.61972036501
1.99242193662,4.10001358375
2.03733896552,7.54598256048
2.05780755435,7.7439933671
2.07177598784,4.29182213933
2.09572601156,4.00923243448
2.08268610526,4.82313228092
2.02660635,6.38064914407
0.313153877005,3.86635250093
0.254973900293,4.67986933365
0.263943231707,5.00869938125
0.260445352564,5.19572179745
0.245860947368,4.20268893568
0.249549475066,4.17374834321
0.231642265625,4.32651489443
0.258857301136,4.61573733734
0.272201404959,4.46085342365
0.269596619385,3.64578341932
0.314789147287,3.67516278218
0.382616503667,3.35361900503
0.397843762626,3.4783570671
0.387823510101,3.5366952152
0.374204831169,3.54752540703
0.631471343284,3.31576927516
1.87252191358,2.77068715961
2.0630988835,7.51800615567
2.09670022663,3.74890753269
2.1698930303,3.48651701317
2.19058075758,5.04058579268
2.159542125,4.52811164486
2.09387523342,2.89301884808
0.789285052083,3.44192964198
0.297886333333,3.47651119088
0.261153868421,4.02946475182
0.272605907781,3.83582538814
0.279620756757,3.52223275662
0.262123579677,2.96203153543
0.392733682635,3.89686014016
0.86719235474,4.04282486992
0.967415276074,4.19891577149
0.860080709877,4.26364082456
0.689353088685,4.20381578953
0.621955256798,4.23756779746
0.609489325843,3.94275375643
0.676920431267,3.75663188615
1.10641759358,3.22148716797
1.84246002882,2.59203291523
2.07008617886,6.1390354522
2.09295349345,6.38578020846
2.11392961929,3.48989773612
2.1128165618,3.21747519548
2.09817441687,3.55685339021
2.06295404651,6.26265560814
0.531716658228,3.26310108281
0.272906216216,3.82061380627
0.270139261745,5.20951696321
0.321273230337,3.77872725841
0.402062069825,3.14419584689
0.48929684058,3.73471495389
0.542835432099,3.93848698982
0.476611902314,3.45507838595
0.475118715084,3.64556558227
0.451371828571,3.7814499502
0.398414444444,3.87024725719
0.375999909366,4.00007918187
0.36069148688,4.06317363685
0.334868732782,3.88127348493
0.323454704225,4.07506843774
0.319742683616,3.86364047769
0.308128525469,3.757728564
0.523612915129,4.41579564352
0.726300801282,4.46848082971
0.84402755418,4.35650627087
0.943960705128,4.36507812468
0.932838115016,4.22459931673
0.834213653251,4.15832625666
1.0666119186,3.65895276878
1.89939968839,2.48300435877
2.10983506536,4.41351824357
2.22640156934,5.55368768085
2.32446197761,4.88131977665
2.36758571918,4.72531191031
2.43044060317,4.25625489647
2.36858996269,4.54689832196
1.44865865889,3.20427314751
0.661120311526,4.09335268553
0.55187514377,4.20069119692
0.481506146789,4.14535534236
0.43505139726,3.77330887455
0.441531428571,3.4982904091
0.538533543307,3.5248532242
0.720786712707,3.73733469537
0.838957470238,3.89456985201
0.876735421687,4.05004051166
0.942736137725,4.00687163534
1.20170233728,3.77808933892
1.39673066282,3.19132853899
1.95087479651,2.54199184084
2.09951516779,4.46066129051
2.20045317992,5.84322010874
2.25304694352,4.48565000789
2.29314519878,4.17165833656
2.32035136364,4.00580169284
2.2910398503,3.99903540826
2.21723062874,4.09204928025
2.16880173432,4.86882303576
2.0022003367,4.2207613373
0.563249119497,3.88890532697
0.446038527607,3.9295419556
0.388265015015,3.89732225177
0.351977718631,5.03253425689
0.299834109589,3.36121416175
0.299538034934,3.14384723944
0.285057690476,3.27642591827
0.26393401937,3.33235983346
0.228287309942,3.81373800754
0.199813986014,4.99347861226
0.198724914676,4.69301270765
0.222509127726,3.97909591768
0.234360487805,3.84190559488
0.24630377907,3.69396929988
0.249178613333,3.53106018691
0.679910952381,3.37219315319
1.96634693694,3.70572098231
2.0403740113,6.71523181926
2.05930644809,3.8435136188
2.05047232628,4.28462463728
1.97356851852,4.78404893507
0.239774951691,3.25134743971
0.204888603989,4.58321274721
0.205898741007,5.68465500071
0.202510766667,4.92292781946
0.19839657754,6.10627611236
0.168715765472,5.46975654257
0.141482978723,2.98732180561
0.13447,2.87773497495
0.128350429799,4.15131366221
0.149770560345,6.37576119507
0.141200197044,7.0183254288
0.176713673469,6.21303960219
0.155113952381,7.29205680251
0.191552684729,3.35143861312
0.349697960526,2.71336261611
0.703172685185,2.90417327428
2.03198671756,5.89175249274
2.11743895349,5.37320409624
2.15957074627,3.9609612386
2.14888168539,3.86615428633
2.14762031792,3.95114870396
2.14755697531,4.11539776903
2.14053541528,4.72756919408
2.00255793003,3.81758527534
1.00317115196,3.1865992162
0.825674077922,3.48840825699
0.678554504021,3.6836998914
0.723498595506,3.97417986352
0.71483545977,3.97319862786
0.746073068493,3.79761491046
0.693381938202,3.82114366105
0.637433977273,3.80531714685
0.611068991354,3.8867044863
0.573212354651,3.8263953519
0.538188184358,3.69904221464
0.582031081081,3.5671651738
0.773165666667,3.35295786437
1.06254138191,2.99309421083
1.39408494764,2.78138068356
1.96350890533,2.76007350061
1.96850414925,2.89915088201
1.97659610592,3.32500706065
1.93288068376,2.75731422486
1.379914525,2.75445860236
1.06221259352,2.95223580703
0.592124521531,3.35042654507
0.463343086124,3.37659305474
0.41125226506,3.35946875779
0.397325934579,3.4106506447
0.591648901408,3.61986304325
0.755750026596,3.57823336512
0.820261280654,3.66978898418
0.886042902299,3.87191533483
0.833048717949,3.88779711707
0.849122705882,3.98583823298
0.89446359882,4.02906094645
1.21496177215,4.02990096933
1.0065758457,3.88647326208
1.37771162011,3.20596731833
2.01586463415,3.14328065954
2.14132458042,5.09095156415
2.17250217557,5.46129793687
2.17522162879,5.35604661391
2.17744050542,5.13113057589
2.14849343972,5.34213414596
2.07569405063,3.79944358395
1.39392414322,3.01876138895
0.951079475,3.36896375977
0.558271360202,3.58220207726
0.465642270531,3.46282001263
0.403533349754,3.51545617477
0.636974277457,3.85443674429
0.827828525074,3.93932106682
0.823602393939,4.18254915774
0.857933783784,4.25914327743
0.815028994083,4.14320909241
0.787738739496,3.88020420113
0.74078890625,3.53491105945
0.804154473008,3.35839685621
0.989208156566,3.18250144183
1.38202753886,2.93563519955
2.04645851964,3.66553073255
2.15108288809,5.50335570116
2.07107479365,4.54542631177
2.05698364742,3.7226663773
1.82193130081,2.63531328751
1.4115906267,3.29390676602
1.16027656,3.58493931863
1.11045645892,3.80968726045
1.03013380403,3.9494552235
0.934464572271,4.08352623698
0.891673343373,4.30483066818
0.923523409836,4.51024441241
0.87304382716,4.41130684547
1.08255253012,4.2168527412
1.34603026756,4.49601661677
1.38340572881,4.43437186886
1.35088133779,4.30879722235
1.22986613208,4.0948379907
1.28729425595,3.80912531411
1.32151474576,3.61761282468
1.49024133144,3.25713150724
1.7371175,2.86458848555
1.99507140719,3.00345260883
1.99698867052,3.0067837004
1.87668426184,2.56813170558
1.17821804945,3.63069401148
0.981817207977,3.879273127
0.859131521127,3.96346527718
0.653244628099,3.85696470855
0.514056052632,3.76089906265
0.494756947368,3.75914571847
0.459118320413,3.58093226374
0.417929343066,3.52685276487
0.400050095923,3.40176741099
0.386112897196,3.40793766865
0.347209726651,3.23059779876
0.296228353808,3.51294998202
0.285956910377,3.23282019205
0.377852564706,3.12254461261
0.481077355164,3.32258605106
0.603744126582,3.41153841813
1.25172435897,3.0012454917
1.96364093373,2.85258117411
2.0462662807,5.09532915637
2.01370954984,2.99352413535
0.962084015345,3.07691523135
0.548173350254,3.48145292762
0.465215586735,3.53766103136
0.446818050633,3.47661324422
0.413525642317,3.44682164954
0.397532117347,3.51479678931
0.382665717949,3.51439349915
0.384647894737,3.47157604409
0.348472135678,3.41053055612
0.318101439206,3.33697963922
0.300337881137,3.38658128974
2.09283346863,4.43781154969
2.09641689076,5.33652843538
0.683583697674,2.98645844254
0.386232791262,3.19553036415
0.331486518692,3.078683113
0.286330068807,2.96504765881
0.254129152941,3.13430329634
0.236546173121,3.06830683149
0.225276004415,3.08075090531
0.224366557377,3.25588848693
0.19309105,3.58199424979
0.164856326034,3.38859899749
0.153086467236,3.77913620008
0.14238736,3.6912742632
0.128673359375,3.72976756897
0.122087850163,4.9232382148
0.154718357349,4.06346671466
0.266790065789,4.15767304795
0.370067794118,3.69275545824
1.29385781977,2.94336464197
2.09886240816,4.93978519265
2.24997246269,3.35255796285
2.34680087432,3.78514162812
2.22467897281,3.96906194916
2.10191183206,5.51133954281
0.813618723404,3.38201792298
0.504798934426,3.68522723035
0.427853057851,3.68393349154
0.380283613861,3.37476653003
0.360698968825,3.29287134803
0.346037361419,3.08992274884
0.398743489933,3.00104053998
0.558417927461,3.43485591459
0.668644959569,3.59173229855
0.732108027397,3.67583197111
0.672121937984,3.56817940923
0.667412864583,3.53941763162
0.652491022444,3.40844671153
0.67937585,3.37309896984
0.721997447917,3.37294810449
1.09024921875,3.14329990572
1.99564657321,2.90611997202
2.15258745968,5.37379697919
2.16368229572,5.02431192932
2.16025194757,5.08243330987
2.12410424,5.09636717876
2.02424847403,4.53564814973
0.569231231156,3.35897203519
0.444844641975,3.36507577137
0.419108110831,3.4557351727
0.431129293194,3.49551301826
0.409536049724,3.6502299979
0.376182114428,3.39969454774
2.45555241497,4.02990200719
2.41615796238,4.29624752967
2.21140557756,4.48024212322
1.60651236074,3.08629099223
0.905985816619,3.70264378544
0.710509942693,3.76991640475
0.683734723032,3.78510174902
0.564661056911,3.63958165511
0.519753173804,3.46680273226
0.460729558442,3.43721171674
0.403420839895,3.51001035214
0.418902519084,3.44334041753
0.506032372449,3.52059600858
0.619025286458,3.49099889013
0.571342658228,3.3773878098
0.619996547315,3.34532853896
0.867453159204,3.18950708131
1.93294747222,2.63903484092
2.15324770318,5.33224977266
2.25826056738,4.73286612643
2.38031592814,4.11040323964
2.44643913649,3.9074841944
2.50416732955,3.88203766385
2.47827565341,3.88779234346
2.33823036923,4.13411437472
2.10707845921,3.93450607183
1.04870700535,3.39419867444
0.783434640884,3.71376487801
0.688835516224,3.83567961788
0.617986618497,3.83896127021
0.560808189655,3.8014200858
0.698254945652,3.64228648642
0.756985670391,3.71283920292
0.710961061453,3.70514187904
0.803320699708,3.89239803773
0.822268267045,3.89289714638
0.824623786127,3.89991430762
0.808999365994,3.89495397548
1.01186705882,3.73438217851
1.18399055249,3.59349122232
1.9323581686,2.96170294729
2.02170473684,3.04123039329
2.16788196825,4.11981161095
1.00767503185,4.40416216426
0.652042493369,3.61718056156
0.685040464481,3.63897214483
0.709581813031,3.73352762761
0.891612218543,4.27637749337
1.12992735075,5.01717217507
1.37036125874,4.78183595932
1.48421946429,4.68803721872
1.4138332872,4.63893167444
1.40069728223,4.48756763476
1.45372727575,4.16762623489
1.47631054662,3.97393753417
2.0808742284,3.89499046781
2.36277451613,4.78353431581
2.4978902381,4.67244620836
2.55925963816,4.58756955405
2.55880247458,4.70270638424
2.44733778947,4.80723657401
2.24582811881,4.63600934789
1.96207675362,2.93166036514
1.36228510836,4.02021029641
1.16597992647,4.97652599082
0.88968431746,4.44681485694
0.868004954683,4.11351294034
0.783071671554,4.1058385256
0.868824461538,4.24820264099
0.927607476341,4.2824176162
1.16331069536,4.57742683635
1.33260588235,4.55436962224
1.40134543624,4.43884442383
1.78838385135,3.7793102507
1.9962029703,3.56521168676
2.08445976744,3.74468534981
2.22666801325,4.3962580128
2.36760274648,5.16218972207
2.56170529412,5.28721302365
2.61917736111,4.83663676474
2.64672569444,4.77033883945
2.58108993333,4.74040922669
2.42121527972,4.93756182002
2.21073621622,4.68203981557
1.81900566572,2.94515081843
1.11868111446,4.19131062438
1.67430670769,3.85128434265
2.08611882353,3.57729489556
2.16633131661,3.68507774398
2.21593738411,4.13313119117
2.31345537671,4.92477456818
2.379898,5.04256275265
2.23033824104,4.78118508157
2.02161763533,2.92955221226
1.65998019943,3.2243506086
1.23781636637,4.03131897489
1.055908157,4.49485765964
1.05299246528,4.78673626093
1.22089959677,5.56184595234
1.4365108046,5.32869682572
1.43079118519,5.05845130079
1.51820114068,4.28811459083
1.7062527003,3.35598950885
1.67079471591,3.20560757486
1.68321053824,3.13199114564
1.95576465517,2.99328572956
2.01052368421,3.24967686071
1.95383,2.78986917101
1.63178559682,2.9911544666
1.13270896825,3.54819040535
0.79529651715,3.67875903862
0.644378186528,3.71713494584
0.598654031414,3.68460319264
0.604643324742,3.55783186776
0.689919036458,3.6043500914
0.895858898305,3.80200931759
1.00863459375,4.28909021208
1.15030421569,4.39759422488
1.20952453074,4.34081069122
1.24644209726,4.07805285113
1.53285765579,3.53472365589
1.91503555215,3.1803377765
1.98829717868,3.3383605513
1.99256732919,3.12240567995
1.75398777108,3.35818507309
1.52873642633,3.81811843686
1.73999529781,3.47351474721
1.80408165644,3.36650687288
1.82255621622,3.21649426193
1.72004029326,3.32619336496
1.37033788856,3.85685991165
1.28513947674,3.90063574519
1.2001283237,3.95290461955
1.05239991228,4.08998425769
0.847940890805,3.94244413661
0.767690501393,3.86166825822
0.734841570248,3.8240134154
0.7179900271,3.74200483407
0.812048866856,3.88874605856
0.875901416431,4.03801583506
0.869659858357,3.88748285908
1.08748101983,3.78312184075
1.50929404011,3.46387200545
1.50933761364,3.38912293299
1.73156075581,3.04658365989
1.6361016092,3.30855712881
1.20339875362,3.83646604098
1.03410628895,3.84108785848
0.983579013699,3.78031930999
0.879252967914,3.78371410978
0.83047486631,3.66900401739
0.804272480211,3.62849382406
0.713523487179,3.60498076892
0.620047437811,3.54431198525
0.589424299754,3.48411778666
0.738419510309,3.50113672805
0.836705102639,4.07449669058
0.704428243626,3.98340601101
0.591836789474,3.77283483436
0.555739064935,3.66898944176
0.534005225464,3.67554948061
0.630103171355,3.54961400163
1.27398033679,3.2810902855
2.0830113522,3.86464776746
2.20927207237,4.75462078579
2.27701685714,5.11088612184
2.40013894161,4.84548077311
2.42360161871,4.79613309826
2.23677090909,5.11850828312
2.16874764516,4.35948967699
1.92533556787,2.71131752784
1.34015296399,3.49270172682
1.06962008596,3.82812737183
0.88349280654,3.9392395639
0.77525986376,3.85232202626
0.692675722071,3.84527923088
0.647910347594,3.79329244176
0.56486924812,3.64314115457
0.698731815857,3.54145757978
0.871568488064,3.57635372718
0.919923511236,3.74245730873
1.41040788406,3.5483590253
1.89999333333,3.19294844133
2.14908140984,3.85727439875
2.26622523297,5.27562015312
2.35631386525,4.71229147757
2.36198007143,4.86014729129
2.35412845324,4.89854531292
2.29401205036,4.88347875092
2.22523131673,5.40955066297
2.04448502907,3.29503916341
1.9982086236,2.90974005267
1.65895242424,2.99513737044
1.4078289589,3.41102072415
1.19057785311,3.818485616
1.12702246246,4.00332099394
1.08246593846,4.19949053618
1.00825928358,4.14643059444
0.946485271084,4.22775330273
1.02420269113,4.17927115983
1.18289095847,4.23123726528
2.32128554348,4.9197063292
2.38112689895,4.57716921587
2.34875744755,5.00678262575
2.347324947,4.8534119704
2.24033653465,4.74377071814
2.08980631268,3.38484968483
1.96799425714,2.83129776553
1.62461954819,3.58008571817
1.18373570149,4.14465210664
1.10597903537,4.31154014562
0.9711352,4.2816401542
0.905277889908,4.27156085702
0.844576876877,4.21808915468
0.80818239521,4.10861595436
0.816722507463,4.04162864985
0.744802235294,3.99591015656
0.672138846154,4.07364817954
0.713378152493,4.0981052542
0.842263134328,3.99669198029
1.71459685131,3.07227508987
2.1346782392,4.44509870631
2.28906748148,5.59169415724
2.35826883212,5.02947422124
2.38676749117,5.02908814142
2.40022073801,5.01575522991
2.33121712766,4.9098696482
2.11600506289,3.91085842122
2.04416026786,3.03412517957
1.64356296399,3.002344942
1.12300268571,3.77771742243
0.867254733728,4.06290842451
0.799597583082,4.1072957124
0.715981730205,4.09607868546
0.679374550725,4.04061669134
0.638000609418,3.89926570778
0.637073554377,3.80788964615
0.561677367021,3.73923860539
0.506904804469,3.77985542963
0.519537371429,3.72751638877
0.47918571831,3.74539215059
0.595385869565,4.42906226339
0.86711218241,4.29268066807
1.35786806548,3.37604148134
1.9382846988,2.4234810446
1.978315375,2.46342558458
2.07143449827,4.17010548656
2.10877703704,4.80092782736
2.10392164875,5.48830625788
1.99601077586,3.01572746719
0.947832747525,3.18724385555
0.672800620155,3.49550256478
0.583964010417,3.56785682225
0.552649071038,3.66998841841
0.574018859416,3.64108027219
0.577346370968,3.68243173254
0.734666980609,3.73700189761
0.730141436782,4.0123701936
0.704333135593,3.904643727
0.610661647727,3.88366151925
0.565475591716,3.90159933336
0.640129126761,3.90939474989
0.950690854701,3.78814257295
1.83004084084,2.79342376352
2.04981253205,3.20200826222
2.10799843537,4.61555874699
2.12241456835,4.44521444063
2.22071109705,5.64232910366
2.25799257692,5.02119412677
2.2366565019,5.15246430027
2.12844291096,4.8462079467
1.94417599448,2.51370791161
1.21773189415,3.40966928503
0.824357439024,4.12760944256
0.804878024691,4.25299221077
0.726279198718,4.29471122337
0.644113893805,4.12852986821
0.579303452381,4.08134466829
0.493828328841,3.79074089436
0.547538201635,3.60399324367
0.622848901408,3.6679660811
0.737548184438,3.86131463297
0.82604254491,3.93359913731
1.0459286217,3.68160294264
1.43799872521,3.01676602831
2.00049553623,2.61632043698
2.08595319728,4.89909201069
2.1735759507,5.06456656091
2.29186899254,5.40638397324
2.34479846442,5.20939578054
2.43280111969,5.08106013245
2.36367325581,5.20029515502
2.31161040486,5.25591110892
2.20146135246,5.28111960908
1.94466883792,2.53990017781
0.711066363636,4.13690588137
0.550043375394,4.16103592794
0.489090032154,4.16158132249
0.418882283951,4.06553412501
0.377057893175,3.94809609489
0.394511908397,3.44920508486
0.510150326087,3.7154840293
0.585155645646,4.00519813361
0.507443710526,3.60073717991
1.19593313131,5.56134877013
0.360529065156,3.88156922702
0.342014181287,3.82754637727
0.320737345133,4.05054201409
0.431128874346,3.66167089997
0.504472754821,3.79152596892
0.527784410112,3.91774421845
0.540627529762,4.10834863268
0.617779858357,4.0176917598
0.593438413598,3.9983745053
0.601226162465,4.03188246929
0.585006212534,3.74226312785
0.551791057269,3.04026319295
1.23919187013,2.71503902904
1.61850757669,2.9160309374
1.55440135385,3.01320438559
0.614904719828,3.00443784158
0.26737940048,3.54154545306
0.255138112245,3.88584844362
0.242937115987,5.14784856284
0.227034328767,3.97966919252
0.216699570201,4.25506179394
0.184677526882,4.14631498251
0.168096146096,3.79082871349
0.175120178042,4.29354418719
0.192852628205,5.0400935953
0.190717649254,5.73399206916
0.185728598485,5.96150845627
0.165096459627,4.75669360877
0.177405075758,3.88678277619
0.885200672783,3.87304579721
1.59455627273,3.03759456829
1.89175077844,2.55972712292
1.57314397333,2.91409926432
1.80257519022,2.58115215491
1.59605578534,2.49988529852
2.05235385281,6.96537296979
2.08053042017,5.82038159354
2.06614235808,6.51948556579
2.01915809917,6.43413529963
0.463934269912,2.99035830689
0.317560776942,3.57806029147
0.295667260982,3.62609655094
0.317098965517,3.86758689289
0.33692573487,3.97691298862
0.295924771242,4.07115420749
0.255619917127,3.81692879131
0.245267793696,3.83762413734
0.249149421488,3.86084458518
0.282703316832,3.34594232334
0.422826196474,3.50788187469
1.25585722372,3.35694692431
2.05778104235,3.70568440464
2.1504608,5.1867627033
2.15332751678,4.95626278605
2.06802643087,3.90101895731
1.96559526761,2.48932192355
2.02732123077,2.88360428446
1.99843406728,2.80401049543
1.96101639535,2.35236961862
1.65258536932,2.52509988184
1.00377924731,3.2655790207
0.573101139601,3.77395624631
0.347482181818,3.9545110043
0.303370367893,4.15063332947
0.288759395018,4.29187220243
0.274701294964,4.29147797348
0.227641074919,4.07995868571
0.192434137931,4.26328131538
0.174921590909,3.77092423411
0.160392544803,4.62370956204
0.147802882096,5.93897095016
0.152234495798,5.95597147563
0.147487022654,4.8833263729
0.136290422164,4.23835865985
0.136717511416,3.56557622215
0.15580194085,2.5331977848
0.192816779661,2.47821825775
0.207632030948,2.50600544957
0.264674092827,2.81682240757
0.422179116279,3.11155492191
0.564121613692,3.20335995694
0.491565178998,3.19609433783
0.62284,3.23007652313
0.836272057292,3.16306399304
0.757124292804,3.16426867149
0.3515772,3.69525308113
0.313357869318,3.77930325838
0.271433954155,3.75200580952
0.258184971751,3.77995442258
0.242095603113,4.64975842666
0.196441532847,3.63344285141
0.185901278195,3.7689373856
0.201388923513,4.12526528086
0.180461391076,4.06332342475
0.172951607629,4.54752040409
0.16965696477,4.02726117959
0.17311526178,3.82740696009
0.177516016484,3.73932531471
0.187507688022,3.88332703402
0.181693144476,3.97743635553
0.200780028902,3.93582082445
0.211284803625,4.32767552525
0.258873017621,3.14809990244
0.309021516966,2.83109936202
0.322468641975,2.82378976654
0.30526,2.82480842168
0.286015374016,2.65369779516
0.262795684647,2.86535678881
0.253384610092,3.20321689299
0.254549192825,3.03175461203
0.256626759259,3.95247213748
0.203561587302,3.19142847076
0.187964662309,3.14035077395
0.178134012605,3.09383431782
0.194272490494,2.75654713148
0.245224309701,2.44299293648
0.367465207469,2.55849366801
0.68493049569,2.81706732563
2.07587263666,4.1918451714
2.21274940767,5.22643123132
2.22825753333,4.95693196204
2.10491569182,4.73484758233
2.04041618182,2.96508251229
1.781244,2.61903764029
0.749030936709,3.68174342732
0.563695473934,3.4565151051
0.487121205674,3.38194950572
0.421443459821,3.21332655409
0.399202631579,3.17507942511
0.385506545064,3.09591364392
0.355638175966,3.10465189848
0.339176186441,3.00279481238
0.316430953347,2.88296040669
0.340089161905,2.6879834408
0.367757347741,2.7609909621
0.434929877049,2.86239352278
0.517360619266,3.03385334844
0.59549394402,3.35194798828
0.557445673575,3.45747110692
0.479104047619,3.53635390565
0.490223036145,3.38667455231
1.05878928899,2.86657814967
1.94037410326,2.29815592968
1.94015010782,2.43010804517
1.54553702233,2.55641954541
0.850347550562,2.92850158184
0.650538413793,3.109843019
0.621010369515,3.11034166706
0.595406945107,3.21178272524
0.566480047962,3.27396855796
0.594956168675,3.41700316557
0.698188147208,3.52616314882
0.697121654135,3.57473235115
0.634487518797,3.55572794482
0.575557039801,3.51898243708
0.514033848039,3.4313480885
0.417754790698,3.33317057591
0.375050501139,3.2511454831
0.354243060748,3.22662986454
0.420926716738,2.93794911785
0.681486981132,3.05146806008
0.700605669856,3.11158861068
1.34517039702,2.68107481294
1.9678162,2.67965626574
2.12958736842,5.39905355402
2.14985232727,4.74618842639
2.12650914286,5.74400074519
1.92758,2.68347080354
0.619496641975,3.39817617232
0.541264028777,3.34986983423
0.535335714286,3.32472764093
0.560112537688,3.59220914667
0.625606330049,3.45865902201
0.582102661692,3.490665857
0.604783463415,3.42216195685
0.546078759124,3.43746155729
0.495592444988,3.54500330279
0.484792843373,3.53356345151
0.47125372449,3.60874515576
0.428243490099,3.6115543395
0.389336526316,3.70238035063
0.501321315193,3.1300002734
0.724138896714,3.06073598386
1.46862151961,2.67729758798
1.8036667374,2.37033464703
2.0306389375,4.40483072273
2.10864078571,5.44048202085
2.06988487633,5.41535881465
1.92036501385,2.43102219422
1.21616622912,3.00191899398
1.02107800487,3.17921408359
0.736631922078,3.58639369645
0.66591782716,3.49726406307
0.651322337662,3.60376661045
0.614707493333,3.72916343176
0.540861326781,3.67381176023
0.670774938575,3.35115785123
0.682461442543,3.35145689861
0.607919562044,3.3980967854
0.526091411483,3.45572323643
0.457904303178,3.54996188032
0.433844509804,3.63478083726
0.519958724638,4.21168051946
0.505314876712,3.8981029472
0.472106948229,3.95089935195
0.415848850267,3.81610794818
0.399333414634,3.89265932599
0.468603969072,3.56782502772
2.03750132075,4.29871767897
2.25939546358,4.66703726512
2.34282868243,4.55536075381
2.26333161972,5.07328702687
2.11132220736,4.65143990694
1.79867851003,2.8598235337
1.03241827397,3.6808026706
0.631800110193,3.83931048285
0.559054634921,4.23436469477
0.509762625995,3.82060691544
0.483621581633,3.68298035674
0.438518329114,3.59574130518
0.384332923434,3.40220558764
0.382228,3.18555763891
0.36362284738,3.22822172559
0.311050747253,3.12966888849
0.297404973545,4.24926198295
0.273877949309,3.37540841237
0.263178899083,3.42306186634
0.322345885287,3.43430471124
0.276455050251,3.51201532369
0.307626518519,3.30501559431
0.324584023529,3.19072153103
1.97969548589,3.29698655471
2.12361416988,5.70235846724
2.1352088764,5.53742044215
2.08801969112,6.23392798836
2.02874154341,4.9965661094
1.96150749333,2.63523958085
1.72359016,2.66271050193
0.84764773913,3.84163045385
0.73509259887,3.89333596661
0.658521966292,3.84403773223
0.591843272727,3.54663028649
0.510010215827,3.37502541443
0.510403833333,3.21321915854
0.519139954128,3.10777285068
0.471950965517,3.06265428945
0.437075897436,4.67244009966
0.36184952381,3.26660888926
0.348487188406,3.81609102278
0.322047868421,3.61436702195
0.64072656682,3.07751977771
1.61620557185,3.03615494756
2.01785200913,7.26868813058
2.0471815508,8.76571405346
2.03595982955,7.93534808744
2.05574105263,7.74820730973
2.0675909901,6.63676497494
2.06657066667,6.97632745788
2.07661714286,6.08054486679
2.05205134615,6.48158219995
0.704528825301,3.85281337561
0.469059179954,3.07066218861
0.583986064356,3.30769396991
0.735117308782,3.6897252088
0.716416831395,3.75718643169
0.629007967033,3.72134816133
0.601052710997,3.63226943257
0.61503671916,3.62179168621
0.533162649573,3.8284248313
0.470207561644,3.84717531677
0.489672034884,4.00401512598
0.451558778409,3.9919360062
0.472466573209,4.31522637321
1.02482452297,4.48721718225
0.558930725389,3.52751134251
0.96611024024,4.09998626907
1.1696220303,4.20981976853
1.60247755224,3.6565536243
1.9851263142,3.17500347882
2.04619858896,3.45763328879
2.07678758389,4.28160230225
2.03167708464,3.33882103301
2.02328264331,3.83047714696
2.07726070866,6.18053497918
2.13206899225,5.07933751812
2.15128,3.93491179171
2.17754433584,3.48211907517
2.14736366337,3.47007307936
2.09675409283,5.13549617876
0.778642654155,3.22431279022
0.351109159159,3.87564670417
0.334243586626,3.93540511912
0.329825351171,4.53203910956
0.314356507463,3.9197057169
0.298284410959,3.72138746911
0.260226428571,3.87962694795
0.262251469649,4.15629533294
0.295133300654,4.44546765832
0.481279403974,4.10064702303
0.53080223301,4.19701645638
0.987516197605,3.88276957744
1.92755885196,2.47815084278
2.01957168831,3.09313315711
2.07111473485,4.75715507345
2.05064121094,4.17107292688
2.00477137324,3.16706332888
1.99542845118,3.69581094779
2.07485927083,6.36357592089
2.11628360759,4.29634133252
2.14722132275,3.70841831523
2.13692634271,3.56614839183
2.08611972222,4.97325182803
0.648708791209,3.34269618957
0.340636693989,3.93104643625
0.336954381443,3.71535537091
0.343472810304,3.42671495984
0.342821770115,3.13337399371
0.340222394958,2.71761676672
1.14645357955,5.69609682924
1.7532966759,2.87029099209
2.10345175573,5.38431421237
2.1414424234,3.8603139999
2.12897728938,5.0396635965
1.9483781383,2.94283167922
0.662340252874,3.10542518358
0.538599521531,3.17240114851
0.504527371007,3.21209043896
0.422349478673,3.14882643612
0.338906109661,3.60359863648
0.274831232877,3.13831915826
0.244255,3.63850846713
0.249277478754,4.02817201181
0.229116148649,5.14785000449
0.209967649254,5.57433419451
0.17828523511,4.37533818983
0.163244846154,3.6872451666
0.150288666667,3.83107520975
0.142226348449,3.74722701797
0.153608544974,4.19324085287
0.166229933333,3.39983630332
0.144337848606,3.08997739554
0.163426047794,2.7905344062
0.183027052239,2.53765710992
0.161909588235,2.89266028245
0.160900246479,2.4766929524
0.187116327986,2.47430172923
0.194239041812,2.44401585264
0.19844759901,3.88775742904
0.168855601966,4.23797153202
0.172342937365,3.29410543791
0.296218810127,4.11299326512
0.512183693046,3.2434390886
0.578607054455,3.3498918896
0.745747300771,3.41130196967
1.04661855524,3.7951004271
1.3298961194,3.75124606117
1.38984480243,3.57265528504
1.58839551429,3.01810884639
1.48411606061,3.00025747587
1.16047648437,3.14250166651
0.764125707071,3.27051834042
0.485609402985,3.37090122356
0.396326147959,3.27768577756
0.222627575758,2.95946317997
0.228503207547,3.16331244657
0.212518699764,3.04431976161
0.213110319149,3.41470703494
0.212554074074,4.01659207524
0.226700378378,3.50724366483
0.377162376238,5.47813895981
0.217639668246,3.23123849284
0.191817384615,3.48066646654
0.198077083333,3.95578913458
0.181653092486,4.28389459744
0.170064873737,3.7284717831
0.198581057143,3.84884626509
2.0383535814,5.38145934257
2.184156875,4.42301364351
2.15189158076,4.55403480512
2.10638110599,6.52427916461
1.76807002899,2.7875837335
0.631294588859,3.54617380026
0.589183757062,3.67170524586
0.600482329545,3.69256601689
0.555845476839,3.65724432145
0.45680173913,3.48139044098
0.46142510929,3.57169793956
0.416429148936,3.53827533931
0.41000584,3.47618092867
0.358748802083,3.46039190065
0.321449745547,3.39318277431
0.322121902314,3.46805455249
0.275051498708,3.49993505045
0.239395376623,3.3816486835
0.215718241758,3.57240078269
0.194147153285,3.19279024265
0.209435673289,3.01284179108
0.280578219462,2.7124826938
1.0574396962,3.17205984739
2.04221055944,4.25470457469
2.0851045283,5.43284535216
2.08969946043,4.88388723814
2.01562568323,3.0913842283
1.57592644315,3.04025772335
0.645726037736,4.32361310419
0.623141398176,4.19141490751
0.60644158046,4.0847762618
0.573853175487,3.98031546087
0.536403706897,3.96988594759
0.517177777778,3.87946711478
0.504757941176,3.7592776999
0.441902637076,3.59211579771
0.408666641221,3.46006170085
0.387954932615,3.5333275667
0.500053366834,3.28573076491
0.59990547619,3.45699423151
0.899527344633,3.68041854747
1.12357982456,3.62319199691
1.65900930723,2.85826213422
2.06673289796,5.30544758156
2.11608785047,5.99318074682
2.11834987755,5.32177069393
2.11356372093,5.17266837297
2.10668143426,5.04997173088
2.06498825688,6.57028259899
0.842213844282,3.49223862822
0.461228560209,4.09665057357
0.445740455635,3.34501932198
0.682536482412,3.34741385073
0.779623962766,3.61060357001
0.822687637363,3.70405708935
0.883521931818,3.99247270301
0.871793478261,4.11733491668
0.758223638889,3.91853443011
0.728955902579,3.97764086516
0.627393659218,3.91909482681
0.555086988636,3.69028876465
0.614786169666,3.36059907904
0.661810298507,3.36222543517
1.67920105943,2.57961278591
2.10984,4.45195192497
2.13743626374,5.01556790535
2.03754542373,4.05978284897
2.01267385621,3.44840882082
2.02294521452,3.61895439858
1.47792871658,2.76585890013
0.822655792208,3.47485358807
0.436126284289,3.640191696
0.392100616883,4.46700625067
0.324682891566,3.4344829349
0.322532752941,3.2664426856
0.325616043689,3.35402064566
0.27793875,3.3414652494
0.249211346154,3.45840300191
0.263329384966,3.23228994169
0.275880508475,3.56129130024
0.327667015707,3.62476430814
0.32226699187,3.59168388362
0.276948560606,4.4149400368
0.222902409241,4.32434122145
0.212578265306,4.79077930471
0.233194175084,5.05282334914
0.231047730871,4.11360805561
0.260564294737,3.08779476016
0.339994543568,2.91594437521
1.57849704735,2.78386928135
2.07748325893,6.73400022356
2.00535687719,3.30470733886
1.3806594081,3.09397347589
0.976022116564,3.6031538573
0.889010431034,3.72663290555
0.635720297619,4.08562797277
0.59098693299,3.871055411
0.599403175853,3.66961668077
0.562443605263,3.60805792496
0.532047289003,3.49161392026
0.454416005089,3.54796827833
0.41146824228,3.53626363739
0.413063895216,3.33681211289
0.438789070796,3.03661554189
0.465457073733,3.13530481692
0.400481187845,3.80736399485
0.323634521277,3.56274044981
0.300945014409,3.82974339409
0.287527047872,3.47121457016
0.295355110024,3.32921568427
0.417427170213,2.96325162079
1.09025736181,2.99011363393
1.66675076923,3.16967865052
0.610263508772,3.07390454049
0.353124297521,3.04678155198
0.280209671053,3.25966287319
0.480543628866,2.95939555238
0.540853917051,3.24366116657
0.500672325056,3.10218591147
0.476701190476,3.27668511287
0.456541173469,3.42812075584
0.454314538835,3.33908047131
0.433142921615,3.19359632368
0.40598141844,3.27067318596
0.353217255814,3.30192923323
0.403974324324,3.37477176442
0.437750284238,3.50631946285
0.378039715026,3.60211305873
0.345998617647,4.05894819782
0.327272628399,4.19161075446
0.321313538462,4.22573447952
0.3242365,4.1829487922
0.824714758065,3.42879814046
2.0615302439,6.65361070156
1.61770010471,2.50487118165
1.7802681117,2.3390066776
1.1629001937,2.77569972875
0.770828268793,3.06504800199
0.499214792627,3.18373073527
0.473865533499,3.32829921218
0.369210303797,3.45214884691
0.321052493506,3.53786356172
0.325090322581,3.46879079261
0.332170050761,3.53105579081
0.36595468599,3.32652225001
0.393855731132,3.28051236268
0.409910547264,3.35181253289
0.411632242152,3.06978974561
0.416112755906,3.82679292477
0.361323608247,3.40842259113
0.359584765432,3.33165066825
0.398657625571,2.97315351725
0.508254734513,2.83996631295
0.608524398249,2.93148025995
0.67007388521,2.97551103213
1.10023030588,2.74896747847
1.16090200508,3.14532976274
0.96993147541,3.6419873443
1.2120580618,3.4555386893
1.19578551532,3.57707179544
1.03082090116,3.75891064353
1.11057276163,3.68091540565
0.841370363636,4.06493646163
0.802312324159,4.21424457751
0.647394171779,4.34866724518
0.618023641975,4.33587116392
0.581419635258,4.23697367503
0.585407943925,4.32836361613
0.58577768997,4.26838249085
0.569858943089,4.01621598458
0.685849293785,3.98128808617
0.78095515942,4.15534154623
0.83825827381,4.1637718918
0.897361481481,3.97305343405
1.10782740223,3.74847019888
1.67755271468,2.91910898051
1.91181585831,2.34846805641
1.9317202029,2.53339779546
1.8963066,2.34570034887
1.2803683871,3.13081740857
0.795499834711,3.63374113609
0.567611054131,3.81060048788
0.450007875,4.00311073258
0.441245621118,4.05839168169
0.410755272206,4.10373090725
0.441196166667,3.99222382363
0.449153314607,4.03973915783
0.395452657534,3.87712716472
0.385101235955,3.7129317404
0.518455288221,3.41390168815
0.760835,3.55891511514
0.67426511811,3.49549420419
0.520692405063,3.39434405058
0.627035914489,3.17434578396
1.01108906921,2.95348869656
0.790833095823,3.20277221704
0.590930070588,3.37359167877
0.531093454545,3.14135966262
1.43329934555,3.03568223761
1.20259573232,3.03053090093
0.683173357664,3.29803005469
0.603660397022,3.19929013028
0.514122757794,3.26587190233
0.461244937965,3.29766445933
0.378710831234,3.41574744811
0.379454621622,3.47433492803
0.373126143251,3.58627687294
0.347010375335,3.55721734919
0.313816820652,3.56537557183
0.289358559783,3.53328943825
0.308350139535,3.1877390726
0.44276172093,3.14067780512
0.666303072776,3.58290016267
0.836171724138,3.91784578162
1.10571595308,3.8784301228
1.63281476323,3.07341254756
2.01598179641,3.27505542118
2.0738386645,4.42492550658
2.0779762069,3.65008769857
1.98961988235,2.83019397499
1.9050283908,2.62251626933
1.42012037464,3.41233748643
1.18846949721,3.6121228424
1.0866645584,3.73974281336
1.41587511111,3.36498524075
1.2821341129,3.36632287715
1.2243420436,3.46279747625
1.09897561644,3.58280795275
0.772304883721,4.01787415395
0.655677008798,4.08811914407
0.593481608187,4.08619193665
0.553500780347,4.122211829
0.517703820225,3.95058227689
0.512572096317,4.03222338043
0.567909919137,3.77912058752
0.665528238342,3.59425147974
0.87354969697,3.73420708607
1.22203682451,3.59042379588
1.60718005618,3.27210965144
1.92763812865,2.97839725154
1.826131983,2.74857291373
1.53651737288,3.18286527914
1.08120714689,3.68980199316
0.851847272727,3.83417394849
0.889373287671,3.75247434166
0.999929340659,3.65209657156
0.936645206612,3.59759644736
0.914727119565,3.60976018771
0.793297905759,3.60449424252
0.714027590674,3.54027929202
0.624446613757,3.55205233534
0.62632976,3.60836183011
0.55845587766,3.6910711661
0.594707131367,3.67394405286
0.655901269841,3.66284583108
0.813429776536,3.75796745585
0.88699140056,3.77199456521
1.07226411765,3.95102309822
1.24618240688,3.71798518732
1.56314785915,3.20635117254
1.97732625369,2.99131716249
1.98630443149,3.00758373408
1.91999573446,2.71315170773
1.18736507979,3.39232742964
0.885483871866,3.74496802408
0.786196231454,4.09553549698
0.644566914286,3.99317714362
0.648683295129,4.05975626786
0.566166055556,3.92301795352
0.498032513514,3.86468804798
0.478810181818,3.72279918431
0.425235394089,3.51960969356
0.389601388175,3.65360671534
0.453691448468,3.80862332907
0.373475367232,3.87708226109
0.311890320856,3.76130363093
0.308465905707,3.47465266962
0.379781281465,3.10340756557
0.539162894737,3.15268752388
0.597039076923,3.4067355545
0.612913105263,3.55649059342
0.566335755208,3.51241893213
0.695499453125,3.41374851354
0.937046029777,3.13884279651
0.855059295039,3.17980762661
0.476287023499,3.49769239803
0.409279618529,3.72177737741
0.378235413534,3.51443948907
0.389233989071,3.45458234849
0.429071432099,3.29464307873
0.428820340633,3.28533320955
0.472561963824,3.49566704185
0.468185192802,3.55066425354
0.437837193878,3.46845936373
0.400461223958,3.52667559754
0.401338210784,3.39285471293
0.397481080402,3.43705176727
0.415388123393,3.40252403543
0.395036388889,3.46349202136
0.365024758454,3.33884229958
0.466156094118,3.18728968855
0.54947286802,3.29491061221
0.82467819407,3.64547154496
1.62395855114,2.97694975964
1.98144222222,2.75333152593
2.08182884477,5.05309052596
2.04774038062,4.16613432666
1.54608502994,3.12793069141
0.809034516129,3.9316325954
0.585517323529,4.03116374378
0.521633255814,3.77412977382
