2.69289,19.8361210582
2.55012,14.611251336
2.53769,13.6223906256
2.32662,11.0748313987
2.14658,11.2807355519
2.10932,8.45319195226
1.92307,8.01466261577
1.88109,8.04701832229
1.98517,7.71880016756
1.98515,9.27322690061
2.18383,11.0517793169
2.44458,15.3362272844
2.30179,13.3916483582
2.53149,29.2030967109
2.80465,25.9937468558
2.66808,13.9542194927
2.73636,8.49570648367
2.80466,8.50187257828
2.66807,24.9680289036
2.45077,29.4732620077
2.27694,28.7845404458
2.43215,19.7104898064
2.20245,11.7672657596
2.28315,8.57536797409
2.22108,12.8436274864
2.47562,8.7379706583
2.4694,12.1387405505
2.43216,7.88563038426
2.12175,10.0306460089
2.01,11.0364783271
2.09692,11.5622477359
2.12796,9.23861729478
2.0286,9.96889732432
2.15279,9.8816399194
2.10313,7.51327193637
2.37008,12.3107102425
2.39491,26.7870297284
2.46941,17.5347007705
2.44457,16.0315136353
2.56874,17.0027737952
2.55633,21.0119909486
2.36387,25.6692495579
2.4011,12.7943802939
2.27074,7.89796310549
2.22108,7.02022513432
2.50666,10.3173855787
2.30799,8.25426314501
2.20867,11.9365044784
2.37629,8.51785063176
2.28936,7.99865390614
2.26453,8.75305650732
2.06587,10.5793590179
2.10932,11.3179516541
2.00379,8.04589296705
2.159,10.5567550214
2.19002,8.29192888823
2.65565,11.8962320738
2.71153,27.5201845895
2.78603,23.450624361
2.71153,10.5224418444
2.69289,14.0455267232
2.66807,18.5032170676
2.50665,22.465125122
2.30177,28.1327564509
2.22108,29.1673300718
0.77602,7.24258327489
0.82569,7.08786631013
0.6829,5.60273173731
0.62082,6.13511931431
0.91261,7.39006788036
1.712,10.0404832931
1.37677,6.70747188787
1.81755,8.19010663339
2.09691,7.2734005927
1.2789,6.3137229654
1.04918,7.15747302522
2.01,6.79568642329
1.9417,6.37142661942
2.09691,6.58363752405
2.23349,12.2609832729
2.47561,26.5238516306
2.45699,14.5002826892
2.49424,15.027185491
2.34523,28.5385770144
2.36387,21.2052283477
2.06586,11.0967492474
1.7182,12.1749998707
0.89398,6.43520628818
0.89399,10.0954182534
0.86914,8.0980160324
2.00377,9.69187546018
2.12174,8.82481121516
2.07207,8.09518642983
2.19624,10.3559886927
1.96034,7.16472185777
1.2851,6.58438400888
1.45273,9.01394975237
1.29751,5.90489847943
1.21681,8.0290828065
0.94984,7.19074228396
1.96653,7.86400894576
2.07829,9.22162048667
2.25211,28.0936688037
2.36387,13.0091182531
2.30178,19.4877633437
2.26454,28.0329849065
2.07208,10.4870764822
0.68911,18.5207837618
0.55874,27.9994128534
0.57737,9.68845082774
0.56495,7.5229432515
0.88158,9.96952939753
0.69533,6.86641764919
1.10505,6.67248244064
1.22923,7.30994204204
1.93551,7.15242592731
1.10507,7.19646887296
1.18577,7.07307457789
1.89204,6.94081598061
1.89825,6.58331375523
0.92501,8.22655202961
1.95413,8.58622032544
1.97896,9.13390607527
2.12796,18.6783252693
2.27073,29.5008668472
2.33283,14.9890625106
2.29558,8.50585985613
2.18383,27.4842753298
2.10311,17.4284554369
0.45321,22.0014129659
0.5339,29.0609810373
0.47182,20.4906587259
0.35387,9.19858776475
0.52149,10.4040684472
0.51528,13.4307964376
0.40353,15.7398317488
0.35387,18.4377919123
0.65186,11.1352500603
0.67048,7.32879725859
0.75741,6.80170891668
1.69958,6.85009548198
1.87963,6.37719032191
1.87342,6.56796350592
1.96033,8.9688985247
2.07208,14.7828917419
2.34524,22.0023060206
2.41354,29.849714638
2.52528,6.8245518551
2.41353,7.94503701777
2.43216,27.0095898702
2.159,28.5084133655
0.36628,29.9944632959
0.70772,29.615356371
0.34766,29.4832591403
0.34144,21.5184435076
0.44078,7.23709547345
0.41594,6.61927179617
0.62082,13.5218609815
0.86295,9.5419669921
0.9871,9.62254345807
1.96032,8.46866512906
1.87343,7.7726367249
2.05966,7.00240939417
1.89203,6.68522916555
2.08449,7.90729761065
2.13417,10.550035019
2.19004,28.6169647437
2.30179,28.503507047
2.37008,9.49215551204
2.54391,25.6227934459
2.58116,28.0130833001
2.51285,14.0007397756
2.19625,28.3168927238
0.57735,28.1008115509
0.94365,21.8906160387
1.04919,18.9070843543
0.92503,10.6339135802
0.81948,8.22366869041
0.88779,7.0430086355
0.86293,8.3244835251
0.77602,13.6879703644
0.81948,10.6181892398
0.62082,16.3694049265
0.75741,12.1003746205
0.73878,9.08448356076
0.78223,8.52707954239
2.05345,9.79558952716
2.15279,13.3724812088
2.25211,27.0058626658
2.34524,29.023747489
2.44458,7.42536994965
2.34525,6.12889833128
2.35145,11.7847406162
2.30799,28.9642673751
2.19004,28.3928406835
0.31041,25.4671716186
0.33523,29.2485753051
0.37871,28.4511484923
0.26696,16.8431915316
0.86915,13.6194044559
0.91261,9.5833984568
0.85674,15.4099967916
0.86916,13.788511446
0.94366,13.0442251448
1.67475,13.8475288853
2.05346,10.6577088785
2.18383,8.38637269303
2.6122,11.9628188588
2.43836,28.7110552936
2.35766,27.5036367961
2.41975,10.9855767726
2.66186,22.979632163
2.59978,29.9853646192
2.7674,15.2356298084
2.64323,15.7391317334
2.61219,28.5074184476
2.40112,24.9963327936
2.07208,28.9971216998
0.6022,27.5121263792
0.50906,29.8988587707
0.49045,22.9957359791
0.41595,8.45499581321
0.37871,7.47255251163
0.37871,13.2118548936
0.62081,16.0457441544
0.83189,13.2555282893
1.22922,9.66555087884
1.22922,10.3432805282
2.04104,8.07089007021
2.13417,8.40369144684
2.07829,7.87958596307
2.28317,24.3401555024
2.40111,17.0115935203
2.45076,7.99306772131
2.55632,26.0014670535
2.49423,29.0256342242
2.62462,28.4599890648
2.64324,29.4751522641
2.47561,17.4836513028
2.30179,29.4806248298
2.04724,29.9785258984
0.77603,29.7145138936
0.69533,24.9047200981
0.76361,16.7653901004
0.90638,8.42702467054
0.88156,10.3947935722
0.81328,8.76314004747
1.12369,9.61036338655
1.1361,11.0632998445
1.19198,10.7434192824
1.72441,13.1693600062
2.08449,8.85805003702
2.19002,21.609837106
2.19625,20.2615390985
2.33904,27.9877207625
2.4632,22.5882918926
2.48802,9.14396277719
0.40974,5.48490873585
0.39734,6.82875228064
2.41354,28.1115963562
2.22108,29.9982742425
2.04725,29.9479768985
0.21729,27.0857967114
0.21108,28.0764296102
0.34767,28.8324615564
0.28558,20.5702748952
0.24212,10.90001915
0.31663,13.3352873952
0.26076,21.8913642186
0.34146,29.1605400657
0.53391,24.9662246716
0.69533,15.9958329531
0.71395,11.4536605419
2.11553,11.6716594119
2.34524,24.978398235
2.44457,9.48393933656
2.51906,6.51801046908
2.4694,11.0240068669
2.45699,24.4658882691
2.47561,29.0058061533
2.43837,23.4993457491
2.32662,11.0026661937
2.21487,28.5080858293
2.02863,20.9490501003
0.36629,25.428644231
0.46561,29.4959057144
0.42836,28.8336201602
0.41595,12.4997721623
0.57736,15.895929085
0.6829,7.86288372446
0.77604,8.38624148728
1.17954,7.07118176629
0.97468,9.79475370454
0.97469,10.4725218926
0.72015,9.86480286271
1.99758,15.9846278973
2.40733,27.4921180248
2.28936,7.49838982
2.60599,7.01437157596
2.51907,6.50092323267
2.59977,7.01682770644
2.85431,7.03787595262
2.74878,7.03677420994
2.86673,13.031711863
2.57495,21.9515672621
2.21487,17.382739851
1.98517,8.99820130556
1.13609,6.63434952147
1.08643,7.05974815879
1.1361,7.95910530053
0.89398,7.08954325085
0.79463,6.66128705799
0.82569,9.32013338158
0.74498,8.01516375504
0.88778,11.5706867586
2.22728,12.6597452766
2.28316,16.1182545112
2.50045,26.1932964245
2.60599,14.0128073441
2.58116,11.5248500867
2.59357,17.9926125921
2.43837,25.0047347706
2.29558,23.6376203744
2.17762,15.6572400409
2.07829,7.27623709365
2.04102,5.29806704199
0.69531,7.07167997059
2.73016,29.4743266437
2.88535,6.49152206879
2.78601,6.47770834649
2.71152,6.5611711195
2.77361,16.5452292559
2.39491,27.014247332
2.26453,10.3863586439
2.07828,6.03133857435
1.99138,6.27867022526
1.99757,6.3990869499
2.00379,9.02167446088
2.02862,6.86243952599
1.97896,7.60605297635
1.89826,9.36331154401
1.7803,7.20825133419
0.99952,8.51401935808
1.51956,8.54754848708
1.1299,7.70581642907
1.43264,10.6876740747
2.05346,8.14629255268
2.28315,15.7349087698
2.51908,25.2242772309
2.50665,23.6029514593
2.83569,8.009056243
2.86672,6.50604827642
2.66185,13.8140527584
2.23349,7.48141627759
2.39489,8.32339763371
2.4694,9.65212717925
2.50045,9.64508368905
2.38868,14.2216090484
2.55631,25.4147687321
2.90397,29.5912770994
2.79223,22.3675875172
2.89776,11.0271768812
2.69912,7.49687286452
2.74256,8.98812183269
2.6867,10.0317071098
2.63703,10.9798364471
2.3949,29.3039444838
0.76982,10.6182376467
0.72635,12.4829178892
0.6891,9.61957805959
0.56495,7.35721742973
0.52768,7.22380231146
0.48425,8.81265744768
0.52148,14.0166167112
0.57736,8.72155326555
0.52148,9.51825915885
0.57116,9.58489780813
0.73878,8.55364579614
0.83812,6.96365189678
1.87342,7.49332921207
2.01,8.11284028838
2.0907,7.45030820736
2.13417,17.3698473508
2.19004,29.1342201121
2.24591,23.0198602945
2.30798,9.02025862384
2.30178,23.5011206284
2.13417,26.0386642467
1.87963,10.7792106985
0.63944,12.8751858782
0.57735,12.5527434991
0.63944,22.024555947
0.72636,19.1214160065
0.7512,9.12156942639
0.8319,8.3666366109
0.85673,7.77002388336
0.89398,8.73971512393
1.08023,8.72296167096
1.12989,8.48891641496
2.02861,7.95949223287
2.02241,7.58184904462
2.09692,8.64426213275
2.14658,8.93426223442
2.19625,22.9200651096
2.28315,26.9847768007
2.48181,20.4913686565
2.50044,8.49985011365
2.68047,8.96840871225
2.77982,8.49691769368
2.68047,8.00739449013
2.44457,29.0406017871
2.34525,22.1980060021
1.91687,12.6405209608
1.11127,11.7224703941
0.86914,9.92756240195
0.77603,15.3123323535
0.72014,7.93690505921
0.79464,8.65886044183
0.67049,9.65147480206
1.50713,10.5675087512
0.93745,9.29543165329
2.0907,9.45701986114
2.29558,9.58859580944
2.32041,8.68799275587
2.28315,10.4731564211
2.58737,27.3477352156
2.87294,23.2047155293
2.76741,20.0242132753
2.90399,10.5088343484
3.00952,8.08106488423
2.92882,6.03718703498
2.99711,6.99660070047
2.74878,19.5449601075
2.44457,24.0118549725
2.25832,9.08464903919
2.05346,10.1548176424
0.93743,12.0481085526
0.8443,10.6148501621
0.74497,8.46394164253
0.596,7.49091718197
0.68291,8.79641156561
0.56495,9.36783410411
0.67048,9.39529664446
0.99952,8.80687479986
1.95411,10.0933492226
2.49424,11.7367926473
2.66186,21.4470064394
2.63702,25.6342966878
2.8419,17.4952737707
2.77361,23.0970041068
2.6929,14.4924057748
2.77982,12.5022155596
2.68668,6.45374621659
2.71774,6.50198696352
2.49424,9.02813040617
2.36387,20.9965673129
2.45699,17.3202733475
2.10312,9.48702158743
0.94365,9.09941554408
0.81948,9.74997483137
0.86916,28.4926015098
0.55874,8.68440123292
0.55252,7.77732787381
0.61462,8.43441604863
0.49044,11.6508635984
0.51528,10.0378219091
0.57116,8.66600900696
0.62082,9.81382814255
0.72637,7.55801020808
0.85673,9.00037946981
2.03483,7.73017071753
2.02242,8.29344322471
2.17142,12.5259896664
2.25832,24.9900928189
2.40112,21.9978634858
2.3825,6.99800501258
2.4694,8.01372366031
2.37628,6.99701011516
2.34525,9.51188661682
2.20867,29.5708166533
1.98517,15.9369932216
0.54633,23.9345744464
0.4594,29.9111059474
0.65187,24.0256827578
0.3787,20.3834549921
0.34146,7.58335528045
0.30421,16.3062057279
0.49664,11.7880779522
0.39112,25.1782777996
0.57116,19.8835509785
0.62082,26.9092367432
0.5277,12.3992562284
0.70152,8.24598927885
2.06587,8.77412264966
2.30177,25.5195875307
2.43837,22.5142723898
2.44457,9.49807422966
2.5377,13.4907130727
2.55632,12.9708214454
2.4694,8.49344528768
2.30179,8.98396137951
2.2335,28.0244728507
2.06587,27.5160634806
0.5339,24.6295261351
0.85673,20.0510623859
0.39111,29.819394165
0.47183,26.3886735424
0.35388,10.480224491
0.3787,10.0328593325
0.58357,19.7500260422
0.34146,19.2015189764
0.67049,21.4326007037
0.56495,18.734946247
0.69533,12.6485767051
1.89205,8.36111856823
2.05345,6.29317619975
2.10313,9.91458522619
2.2459,27.9121929938
2.46319,24.5105810004
2.4694,7.48597949378
2.5377,13.4853915956
2.63082,17.0191524667
2.55011,10.5204599412
2.50045,6.9993232498
2.6184,18.0605191851
2.27695,20.5931846666
2.10934,11.2222448249
1.61267,13.9099702212
1.06782,26.1085046571
1.26027,11.1312054178
1.18577,8.63952975889
1.60793,7.34443255477
1.91833,9.06671558912
1.68863,9.19231015918
1.71967,10.4208290378
2.10934,7.04685258906
2.17761,8.85871398371
2.26453,11.3606541745
2.30798,20.5876284851
2.4694,25.9945514933
2.53149,21.346739645
2.51906,11.5066944248
2.55633,8.47873313987
2.60599,11.9940599438
2.42595,12.4890157409
2.35766,10.5156425714
2.27074,11.5058847575
2.15279,24.7664917181
1.8548,21.6078373817
0.59599,24.9624262982
0.63324,22.497651865
0.39732,20.6550342249
0.38491,18.6770842595
0.31663,8.36315585291
0.29799,9.12465708147
0.48424,12.3124942623
0.44078,17.5320986414
0.5401,14.0869212269
0.64565,9.86651819704
0.93744,7.5796148558
2.26454,7.29579474169
2.41974,14.2191998277
2.41973,24.9803094184
2.59357,19.5174958404
2.72394,8.5152233996
2.50666,6.00830936723
2.44457,6.49589568726
2.48183,8.01892560997
2.41974,8.99927916626
2.33904,19.9982545733
2.27074,24.5224803025
1.89205,13.7529097018
0.76981,16.5103484271
0.62082,24.726976046
0.58357,11.9137488187
0.68912,8.47533032298
0.57114,6.60438342491
0.54632,9.1563755518
0.78844,8.07819762558
0.86914,10.243622399
0.9871,10.7329586524
1.89825,9.35713052983
1.90445,10.2857373471
2.07207,13.8018886265
2.19624,22.421071029
2.37008,27.9934100559
2.33904,8.50026464601
2.31419,10.0030102835
2.39491,15.4986017562
2.32042,8.49032105628
2.28315,13.9975033341
2.24591,24.4854656748
2.13417,24.5183344096
2.01621,23.7765511971
0.55873,14.5179869629
0.5277,15.5134539861
0.90018,25.296726323
0.55254,7.76121436216
0.60841,7.84562819856
0.6022,5.90624939499
0.81327,6.35440970501
0.91882,6.41841350802
1.04919,8.63042624895
1.98517,7.95304134803
2.07828,8.32527269947
2.35146,12.1188997368
2.23349,28.4716058857
2.41353,24.9896957275
2.43837,6.99167511446
2.38249,9.48649511327
2.43216,8.93071473622
2.34524,7.0082264871
2.32662,12.0080352307
2.16521,29.5398993104
2.13417,13.0210581366
1.83617,11.7083532733
0.40974,16.9450392398
0.36007,12.3705011838
0.34145,27.4190619647
0.29801,24.4485224041
0.29179,10.9860900879
0.55875,9.87755955565
0.27938,9.14652075082
0.25452,14.5154192256
0.42216,14.4197216205
0.43457,20.3464090434
0.41595,22.1351515075
0.5401,9.78510560339
0.53391,12.0121829865
2.07829,9.83210869218
2.1652,29.647751894
2.17142,29.5015540058
2.16521,29.9954045823
2.18383,29.1361944028
2.09071,10.2032035724
2.01621,10.6376217233
1.93551,10.05299621
0.3787,10.5584945509
0.49666,11.0196794057
0.36629,13.022346567
0.61461,19.217923857
0.31663,16.1235340304
0.35387,13.4721805305
0.3787,13.620368841
0.38491,8.60921785598
0.36629,8.86410369781
0.55873,12.8399699768
0.71395,12.0329493549
0.88157,8.52668271418
1.94171,7.61181150774
2.27073,10.1295561471
2.34525,22.003093884
2.37008,27.4917673809
2.5377,20.9815889614
2.40112,22.9961532583
2.25833,28.0330426311
2.18383,24.2803863911
2.12796,6.74484362531
0.74499,7.92217024947
0.60218,7.45388801218
0.55253,7.71140566215
0.73257,10.4120681242
0.72016,8.84559488393
1.0616,9.73340352521
1.16093,8.88852344634
1.47756,6.93681980891
1.99758,7.84203986588
1.82375,6.74295131457
1.88584,6.69755805478
1.24785,8.52672024802
1.82994,9.65524545114
2.10311,7.11919589277
2.308,7.3544928039
2.29558,19.2937791389
2.39491,27.2418070851
2.77982,16.0051674362
2.54391,14.0127644329
2.50665,16.0016842154
2.47561,25.4454827725
2.30799,25.386442097
2.14038,7.57899763864
2.07208,6.99538728938
1.77409,9.5319735088
0.93122,6.91474797932
0.78224,7.2263916872
0.85674,7.18608902694
0.94365,10.4664412125
1.60025,7.53123530212
2.0162,9.6358166699
2.12174,9.67631772921
2.22108,11.3372938126
2.05966,8.13671640967
2.30178,7.53258718399
2.20865,8.54792555289
2.27073,8.32849430374
2.25832,11.8838134956
2.60599,26.5012356545
2.56254,12.4961313007
2.63703,9.51428044415
2.59357,10.4639776148
2.47561,25.4622128139
2.16521,18.3595591162
2.09071,13.8048757499
1.22302,12.0203742047
0.95606,10.2686282951
0.74498,11.6756889722
0.76361,6.16666463835
0.58357,7.20031835169
0.50285,16.0890723868
0.42216,8.06100009896
0.50908,8.6597176729
0.73877,9.82841536192
1.48851,7.43886838105
2.10313,7.2280988966
2.12796,8.07696838107
2.0845,7.94664145376
2.17762,7.94856501643
2.12796,20.849972068
2.2335,29.0960498704
2.28316,18.5016417961
2.32661,24.5098954262
2.36387,22.496931622
2.20866,29.5033757058
2.04724,17.8845750451
0.54012,28.0912863478
0.36628,29.4850037852
0.39112,27.344777237
0.37249,24.1451422326
0.40354,14.789489538
0.35388,9.5952045024
0.34146,29.4162970232
0.24834,29.4285693839
0.26694,18.1608656944
0.25455,25.720091547
0.34145,16.6308165079
0.25453,20.7422139245
0.57115,13.0
2.10312,7.52709985612
2.2335,16.6236325293
2.14659,29.2552972025
2.25833,26.0016142691
2.4694,25.9936975246
2.58115,29.4718154528
2.46319,29.9872430889
2.22108,28.0137709377
2.02241,24.4540457419
0.42216,28.0971346322
0.42836,29.3727568486
0.48424,27.754706795
0.5401,18.0
0.49044,10.2217175129
0.40973,17.941703185
0.40354,18.9032049455
0.52149,17.2938181835
0.36009,26.1706933688
0.40354,17.785730725
0.91259,17.2565212505
1.80513,9.99584907551
1.84858,9.4237129488
1.76788,7.77133012958
1.99759,8.80035868522
2.17763,22.228265964
2.24591,29.490459437
2.45699,16.9932956261
2.43837,14.0101925914
2.48803,20.5208489215
2.40112,8.4643432033
2.19004,29.5281225891
1.99759,20.5680126406
0.62083,28.1073390838
0.6084,22.5334383395
0.69532,19.330006389
0.71394,17.9794787552
0.92503,17.3351727197
0.93123,10.9281123833
0.9002,10.1419636581
1.15473,7.8183605154
1.24163,9.01359794466
1.97275,9.63695577446
1.91067,8.87634830429
2.26453,8.16212830823
2.50044,15.5433562836
2.55012,21.2304772392
2.6929,29.504449901
2.52529,27.9961099863
2.59978,15.4930072111
2.65565,21.9771797207
2.65565,29.9744654542
2.58116,22.6474802739
2.58116,20.5331615708
2.61841,17.5034270929
2.20866,22.0765122775
1.90445,24.7139205906
0.77603,18.4910976684
0.85674,23.4803426359
0.85052,14.3921444509
1.62034,25.8419780526
2.32809,25.4241307739
2.23494,21.689101135
1.84382,13.3215969809
1.69483,10.673963283
1.53963,13.2834826461
1.99759,7.08037363325
2.159,7.33499070526
2.26453,9.13262337851
2.39491,17.7203460833
2.45698,28.058957363
2.58113,24.5834454578
3.11505,9.523995217
3.48135,7.06015746962
3.1399,7.4882674652
2.96607,8.01404827157
3.23922,7.51485657755
2.71773,22.5243933353
2.48802,15.0075839947
2.22106,12.2038952159
1.9293,12.4717370398
1.53343,18.0565779965
1.03057,19.5489370353
0.95606,11.8784836645
1.1423,12.6156557015
1.15471,10.6775770541
1.3658,9.62401900402
1.39065,11.5941822847
1.8811,9.43072908705
2.07828,7.90871696547
2.28317,9.2996191902
2.29557,11.4327551016
2.57494,11.1818986716
2.48183,17.9512384633
2.82948,29.2705240784
2.83569,18.9158385095
2.89155,8.01097096684
3.27027,9.01283948218
2.86673,9.04624651484
3.12747,7.97733630059
2.55632,19.4927142422
2.18383,18.9041531094
1.99138,14.8571518748
0.7512,25.5133399241
0.71396,29.7580254188
0.49665,10.7944795322
0.47184,6.60156696112
0.51528,7.65614615206
0.39111,9.47827741811
0.5339,15.578727045
0.52149,24.4578089624
0.39112,20.4837284559
0.42216,26.4354371397
0.35386,19.4053100452
0.53392,21.9619242456
2.40733,25.2318756092
2.79224,29.491378304
2.82946,20.4339419621
2.94744,9.49978409753
2.87915,12.0252427417
2.94123,13.5192709409
2.75499,21.0049233457
2.65565,17.973908367
2.40112,12.9908830329
2.27074,28.7318455635
1.84858,29.6849952048
0.5401,27.9575774226
0.42836,29.8750665248
0.42215,26.7093952955
0.40354,10.5427680443
0.33525,9.1703638414
0.4532,22.6400767869
0.40353,21.1116675589
0.32904,29.8217504414
0.23591,27.2523353726
0.51527,27.5142117671
0.45941,28.5035903712
0.447,25.0090208395
0.43457,24.2789261276
1.99138,29.099089447
2.02863,19.3504337481
2.10313,28.5059897743
2.19625,25.0047035829
2.25212,29.9956225823
2.22108,29.0001014733
2.17762,29.0085793652
2.11553,28.4985119605
2.19004,27.0955685056
0.34146,29.0960789589
0.22349,28.2108468963
0.23591,29.521564335
0.34146,25.9553950402
0.38491,15.1059767169
0.40974,7.04021160401
0.57116,7.00931552815
0.81327,7.30514460433
0.77604,14.0492159702
0.76983,16.1565336981
0.81327,9.89783003539
0.72014,9.78369133021
2.07207,9.72083118442
2.04104,29.6526210209
0.3787,22.7934416947
0.40974,15.9089009691
0.34144,11.379103258
0.36629,9.81721475253
0.42216,8.17769209683
0.39112,19.0557787445
0.50286,13.0888574803
0.98711,27.8096494064
0.6829,16.2488777087
2.10932,10.1386106617
2.15278,26.3707127664
2.59978,28.5053038305
2.79845,8.01570350722
2.82948,6.96425342693
2.71774,9.00150726289
2.53149,15.0199846157
2.59978,17.4860859844
2.42595,22.001232369
2.38248,22.4555169835
2.29558,19.5935931843
2.2397,10.2754709355
2.27075,8.64090045202
2.20867,10.6435533644
2.12174,9.5988245001
1.97276,9.56706728611
2.03483,8.88587073878
1.58164,9.53209982839
1.96799,9.57008542186
1.22301,6.73077909864
2.01621,7.45843723817
2.26453,10.5944373679
2.31419,20.9639591423
2.48802,26.9883765575
2.72394,22.5459367344
2.84809,14.99406767
2.86673,18.9835019038
2.77981,21.9774247619
2.54391,26.408134979
2.27073,9.75704173234
2.27074,9.48773191695
2.12796,10.2405652383
2.03483,9.05006257927
1.82375,7.11113631044
1.91066,7.64959058495
1.32709,7.02415398862
1.03676,6.95243605081
1.23543,8.64267210082
2.32662,26.4730937645
2.40112,21.4777531277
2.40112,24.9015813564
2.33283,24.0605755193
2.23969,12.6803896031
2.14037,8.37023675317
1.9355,8.7167867489
1.08022,7.35063403439
1.00573,8.06758785555
0.87535,6.68156678865
0.80708,7.3321284353
0.70153,7.80230966526
0.6022,9.28399835378
0.57737,7.42930492223
0.51528,8.32298188845
0.55252,8.71414128973
0.86915,7.14736291214
0.98089,8.1715157621
1.89825,8.54122463187
2.02242,11.6468639957
2.07829,8.79321953051
2.15279,13.9035207088
2.35146,28.5220733164
2.5377,18.4798062909
2.43216,28.2134958658
2.50665,18.8971854675
2.26453,9.30208519083
2.03484,7.33617174333
1.62509,8.36359926403
1.01195,8.57605051098
1.34097,8.8940647456
1.31614,8.63642346418
1.34718,8.13452421684
1.17336,7.55106453724
1.07402,8.69155033237
0.90641,9.33779777969
1.08022,7.83351881991
0.92503,7.7341719937
1.96033,11.5699452332
2.03483,9.7669488986
2.03483,8.13159711178
2.04104,8.71068081579
2.19004,29.5030423121
2.24591,12.9958686944
2.25832,28.010122115
2.17142,26.0016906718
0.36629,9.882811458
0.45319,12.09334331
0.4532,9.20966209983
0.62702,18.1411425801
0.58978,10.9345394295
2.0224,7.62757822519
2.45699,19.2500058163
2.85431,18.488240359
2.89778,17.9311972245
2.92882,15.0009478313
3.05298,10.9671447398
2.92882,8.04290344532
2.85431,8.98970155004
2.78603,6.10685602914
2.44457,12.0050366436
2.37008,28.0147582818
2.15279,18.6724369827
0.53391,19.0008602993
0.54632,17.5337348973
0.57736,23.8076639964
0.47183,16.7298062236
0.57115,9.02034414218
0.59599,7.05992500158
0.73258,9.96035735586
0.7512,9.60984016254
0.70772,16.1739356845
0.65806,9.17001980034
0.73877,13.6196380322
1.99759,8.26828133991
2.18383,11.4134452509
2.17142,24.5313136567
2.16521,28.9839354555
2.20246,28.4809194101
2.22108,29.0117081719
2.24591,21.9842828474
2.27073,14.4864791272
2.18383,23.5020269568
2.19004,27.5161562393
1.99138,12.9206423161
0.46562,29.406402788
0.47804,29.5442835945
0.52771,28.416870523
0.41595,18.007574898
0.49044,12.9511429503
0.51528,9.94150987858
0.44078,14.077713222
0.49665,11.5947759245
0.45319,8.50739766746
0.74499,18.5581786904
0.70152,11.7456096266
0.71393,9.27050299566
0.70154,7.70732746571
1.96034,10.4474477622
2.18383,7.76088389344
2.2335,27.3722520017
2.20246,29.48142009
2.2335,20.0125330196
2.38249,10.992630771
2.29558,29.4798057886
2.33903,24.002357413
2.23349,27.0002129007
2.05966,21.8490184855
1.97897,23.0233358872
0.54012,21.9207198825
0.49666,25.8051211295
0.55254,22.7080656488
0.59598,13.7097292414
0.9064,17.5950973398
1.55205,9.70556139311
1.74451,9.8778516855
1.37822,10.2647238357
1.96653,9.45124542544
1.61268,11.2659483817
2.13417,7.42987356053
2.10312,7.26426877901
2.22108,11.773182861
2.17763,19.5659963979
2.29557,28.4760382455
2.25212,27.0575183618
2.29558,13.8237127095
2.26453,6.02784465003
2.35766,10.4927789831
2.159,26.517882467
2.07208,17.890055618
1.82375,17.4660295585
0.44699,28.4419781121
0.56495,28.8463111855
0.81949,11.3792570223
0.8319,12.3687472874
1.10506,11.6451308013
0.89398,9.0054479401
0.87536,9.2655224642
0.75739,12.7496469535
0.7574,15.1046554526
0.73879,16.9257291403
0.73878,24.5483040131
0.58356,11.197373547
0.55875,8.40114779872
0.56495,9.5735493047
1.92928,7.71105011263
2.07207,21.3291735731
1.30994,8.13154404306
1.53962,8.79340602008
1.81134,9.25100888742
1.97896,10.3575724724
2.00379,6.78194230182
2.23349,13.025129271
2.5439,19.9965970901
2.5377,27.1463697475
2.67427,29.4946509614
3.03436,21.0728188698
2.8481,10.6239127845
3.0716,8.00850946078
2.86673,27.0220946013
2.25212,11.8600450887
2.17142,11.7782994275
0.96848,22.7944641137
0.93743,23.6732765201
0.73879,7.39408361296
0.894,6.7396681699
1.08643,10.0240339798
1.52721,9.32164034521
1.39063,8.94490631848
1.58309,8.42593964679
2.12176,8.3209634699
2.32661,9.3213270604
2.27694,12.2645271426
2.43836,17.1495604695
2.59357,29.0668349851
2.53149,28.4781053936
2.73636,10.9847073188
2.63082,7.52144651819
2.82948,6.51280533681
2.67427,6.50224242451
2.48183,7.99403218604
2.43837,20.5343238504
2.19004,27.1471088996
2.03483,16.0086616352
0.79465,13.0564619765
0.68911,13.4398774186
0.64565,28.1211625162
0.63324,7.93375295138
0.64566,8.11763835937
0.51528,17.7906660968
0.42215,10.4420823365
0.55253,20.1828140566
0.36629,21.4346695697
0.51528,28.8687715099
0.39112,26.3171264754
0.4408,11.9229817255
0.50908,13.2608096043
2.00379,7.70209418071
2.12796,15.2856934106
2.07208,27.3632685642
2.159,29.5089931577
2.29558,17.5124156599
2.16521,24.491131047
2.09691,26.9013069983
2.00379,12.6702167549
0.36008,24.5866441586
0.36006,27.0343143701
0.42836,26.5638817942
0.37871,24.2278326138
0.27315,29.0462457249
0.31663,7.46829742716
0.29799,7.93953740203
0.27315,19.983183408
0.28559,28.1499919446
0.36008,29.151218481
0.34765,27.7724121813
0.44078,29.0290969583
0.40353,29.9419084892
2.04725,11.13138576
2.11554,10.6448745421
2.22108,28.5410085285
2.30178,25.959897353
2.45077,13.5165285413
2.42595,11.5050109494
2.37629,13.4937849953
2.54391,15.9860941235
2.42595,19.6204301943
2.39491,26.2846231022
2.20866,9.93683880557
2.13417,7.88189056604
1.45126,12.8043704048
1.30373,9.08226084972
1.38444,9.12704425828
1.63897,8.13541877915
1.34097,8.21817255836
1.11126,6.40929849707
1.17335,6.19898698738
1.08022,8.95352160893
0.97468,7.2222159335
2.01621,6.57179997631
2.12174,11.2972957383
2.12796,11.5985235165
2.29558,16.2197409314
2.32662,27.3943121302
2.34524,24.0246601129
2.32041,28.1354992454
2.44458,20.6186465977
2.25212,13.576754411
2.27074,10.1840857916
2.0845,6.35806000205
0.80086,7.41380553552
0.8319,9.83120688009
0.70153,7.61149726258
1.14852,26.2148388944
1.34717,11.0530039064
1.52723,8.94581752169
1.58929,9.80564042008
1.58929,7.06100662362
1.97896,10.4334389297
1.712,9.05992884683
2.16521,9.63396763392
2.19004,9.51045690778
2.28317,9.21767991098
2.44457,29.4821453288
2.48182,29.9199356299
2.48802,23.0159045888
2.70531,26.4865286152
2.58735,29.0405688726
2.62461,27.9997372057
2.77982,27.3028493676
2.18382,12.048593144
2.20246,7.74473648586
2.05967,5.7561151181
1.82376,7.55641986664
1.0678,7.20748264134
1.89203,11.0872783822
1.89204,6.0842750951
1.5148,6.40836509469
1.89825,6.38334075555
1.80513,9.15172973807
1.98515,9.7628410613
2.19004,7.18309282843
2.19625,9.57659948316
2.25211,7.33794313255
2.49424,9.75734685005
2.4632,27.0519997914
2.55011,29.0167858842
2.41354,23.2805238969
2.46319,22.8281490837
2.29558,15.3488730074
2.36387,8.25013493476
2.3887,6.71978732617
2.19625,8.04512300618
2.308,7.28724744843
2.21486,6.93546147682
2.12796,6.93258576662
2.02862,11.4250841564
1.94172,10.3205853956
2.01621,7.65511652494
2.3825,10.936273295
2.33282,10.6507510208
2.38871,10.3931342619
2.54391,8.23336597338
2.59356,10.5614555627
2.42596,8.36359998702
2.45699,9.45133944702
2.58116,10.6333359462
2.71774,24.7884062237
2.48804,22.2461923262
2.45078,13.3399734832
2.30178,7.31439747139
2.17763,9.38239733457
2.08449,6.27174792787
2.00379,6.63400936055
1.01194,6.88973318503
1.6251,7.10830914116
0.93743,7.51120421208
1.03057,8.11218665481
0.76361,7.6976542748
0.67669,7.89396412889
0.94985,7.0533650803
1.11127,7.31453468883
0.54012,7.48106346484
0.67048,8.42347382102
1.97896,10.0621956436
2.11554,10.9199118979
2.23349,17.0767037767
2.27694,28.7172633444
2.32661,29.6236476516
2.28936,29.4668007131
2.22108,9.8289144057
2.02242,5.75043091521
1.56301,11.4276225309
0.77603,7.38492422625
0.73878,6.56576660287
0.66428,7.27151101993
0.76981,6.38801673011
0.72015,7.41188228775
0.63323,5.86392684981
0.58357,7.08268961321
0.55252,10.2478418765
2.28938,29.923002313
2.23349,28.4869578784
2.06587,12.0552681758
1.96034,11.0539928632
0.62702,10.7182796275
0.50909,10.867533083
0.47183,10.0530657541
0.44701,10.8425017163
0.62082,6.91334732521
0.41596,13.542572388
0.32283,13.3643230997
0.37869,9.39645366776
0.42837,19.8114260534
0.32283,19.7968929196
0.4532,10.1769899235
0.43457,20.7846553692
0.51527,11.3294725197
0.50287,9.66574650331
2.02241,8.19290784688
2.14037,17.1197441894
2.27074,29.9993259151
2.71152,7.99280195174
2.72394,7.53131572501
2.64324,16.9944155401
2.46319,27.2943545156
2.12175,19.6538821865
1.91687,15.9817978406
0.7574,29.8292423561
0.73257,12.8213702414
0.65807,7.82986218577
0.56493,7.39355690735
1.21059,8.05061081331
1.09885,13.7435572821
1.27889,8.7897336923
1.30373,7.78987849003
1.11749,7.83991476604
1.71201,7.80834861549
1.99758,7.8468363092
2.15899,6.77492317672
2.33903,7.99300824494
2.19625,8.69164373423
2.24591,24.8968776178
2.50666,29.5798537984
2.45699,24.4818991143
2.46941,21.5365395233
2.3887,26.5068349482
2.308,23.8719644602
2.09691,12.851900464
0.88156,13.3809496272
0.78224,13.6560408085
0.86916,13.5939055346
0.70153,13.1265032965
0.7636,9.00706456857
3.12127,26.1771115227
2.90399,11.5754913217
2.90397,25.9893117496
2.37008,14.8352131468
2.14658,12.028543618
1.2851,11.7344189386
1.21681,12.0112865304
1.15473,11.9962636111
1.01193,7.9995630497
0.84431,8.712217148
0.72015,10.6065388105
0.71396,8.74229409318
1.12368,8.1702054286
1.11746,11.7387769264
0.99332,7.3301609818
1.97276,7.09650448307
2.26453,7.86976720601
2.51908,20.4505165209
2.56254,27.9886845479
2.78602,20.9678090441
2.82946,8.99215063733
3.00952,7.0355412687
2.9847,7.47628338892
2.93502,5.98020008573
2.90399,14.9989274479
2.59978,29.4417723712
2.28315,11.4177354878
1.99759,10.4449075083
1.40306,14.5088438832
1.07403,17.7573042654
0.99953,11.2521363686
1.47756,11.8118583687
1.55205,9.62010762095
1.30993,8.84005898282
1.5086,9.31931253346
1.6017,9.38404034313
1.47756,7.66392541499
1.7182,7.46251012256
2.16521,10.137149549
2.28937,9.24665676081
2.63702,12.8907406156
2.60599,12.5962813307
2.73015,27.4752076519
2.6991,15.0005377654
1.22301,14.0719237774
1.42788,9.69482513424
1.5148,11.143068505
1.87962,13.9720923562
2.4694,15.9314523762
2.34524,11.1704587342
2.38868,9.66433359419
2.56254,8.41310464431
2.43215,10.635414066
2.51286,11.494210664
2.87293,18.0161999462
3.02193,19.2485587094
3.04055,19.9783467047
2.92882,13.5072234693
3.28268,9.5152381519
3.27027,9.95702202388
2.84188,11.5126873899
2.74257,29.9535537307
2.68049,19.6726626545
2.4694,10.2223458042
2.20867,29.7372613547
1.53964,13.7456960359
1.64518,9.40100878216
1.33476,14.5377875562
1.53342,10.9536178996
1.54583,7.98727509225
2.11553,10.2288963532
2.34524,9.12728144512
2.30178,7.83926865626
2.57494,11.5302066265
2.59357,15.9105536328
2.69912,18.5638654118
2.87294,17.9108283463
3.04056,25.4915384202
3.35098,12.9410688999
3.3696,9.62439329792
3.35097,10.4923817235
3.35096,8.55873572568
2.85432,12.9606335077
2.70532,22.4827233783
2.38248,12.4251439075
2.18383,8.67088898135
2.58114,15.8087850022
2.75498,19.0240960637
2.87293,26.641396774
3.12747,25.6006507958
2.9909,25.965805933
3.04056,23.0101263641
2.86673,18.604717118
2.48182,13.7551347192
2.52527,9.49206383101
2.35766,7.78364278662
2.17763,11.9545909839
2.00998,14.816199822
2.16521,14.7833440885
2.30944,13.397350299
2.1915,12.6423018888
2.59357,20.0420332836
2.68048,10.9321116842
2.43216,9.56949249297
2.59976,11.113964087
2.84811,16.3039698417
2.55011,18.2764524241
2.54391,15.6532326971
2.73636,9.56681852343
2.30178,9.61749086083
2.04105,7.69865286137
1.87342,9.77960762818
1.10507,8.02527961514
1.11126,7.68281981206
1.42169,7.57861567149
2.06587,8.60299267489
2.02241,9.49326368593
2.29557,9.61485854324
2.27075,8.89378137746
2.33283,10.5053074262
2.55012,9.15746118257
2.63082,11.5520900576
2.77982,14.0807363092
2.82948,14.4564999071
2.48802,11.0633235
2.40732,13.8583554683
2.64944,15.5985494779
2.55632,10.4569105477
2.69289,11.5111921913
2.55011,9.37605738861
2.56254,9.36902533452
2.29557,8.6609503294
2.16521,9.21533204769
2.09691,8.93921102715
1.74925,8.99308743613
3.09169,8.19091373757
1.26648,8.12171787158
1.46368,7.97138138647
1.95413,7.51425541594
2.01621,8.10137457042
2.10311,8.93353530698
2.30798,9.23020632697
2.36387,10.1667523441
2.4756,9.95237295525
2.60599,9.82883714364
2.43216,9.47650543082
2.27075,9.76226940535
2.14038,8.33853744143
2.28938,9.16498745284
2.159,8.21141651059
2.00379,7.21897704878
2.03483,9.1467711863
1.84237,7.85643520273
1.04918,7.88491370158
1.36433,7.40445247959
1.30372,8.21046062474
1.36579,6.57947487865
1.43409,9.74918675915
1.05539,7.19527208572
1.02436,7.60997069188
1.06162,9.19600352234
2.17761,7.53953485063
2.40111,10.1997585708
2.65565,27.6257123532
2.85429,20.5263156283
3.0716,21.0227471881
3.0716,19.1058072683
3.00331,26.5278956684
2.75498,21.1244857805
2.86673,28.4523227088
2.58737,14.3704246414
2.24591,9.60151909714
2.36387,7.53214564954
2.0845,8.21046917669
1.57543,6.61526853457
1.68096,6.88905243578
1.12989,6.57984607086
1.01815,6.82627978148
1.32856,8.84349262106
1.97276,9.54689323807
2.07828,7.96546181675
2.33282,10.4985641389
2.50044,20.1338086879
2.73015,26.1119330438
2.84811,29.6009586499
2.92882,26.4724966508
2.88535,22.9726276702
2.91018,16.9237265896
2.9909,17.5406776445
2.85431,27.4922492848
2.5501,20.6543070202
2.76118,17.7788982152
2.43215,11.2005790134
2.45699,16.8896621451
2.1652,8.43155250397
2.20864,7.02155960754
1.88583,6.94921647588
2.04104,8.1609403454
1.76934,9.68189484858
1.96034,9.97607126596
2.05492,9.41414368613
2.89777,24.5237389151
2.97847,18.5968113362
2.84188,26.5345127185
2.9164,20.7491012964
2.94122,25.9660027971
2.69911,23.7555976845
2.55633,17.2748652366
2.4694,9.47863286536
2.22728,9.96679156585
2.159,10.9400172054
1.7321,10.5145447558
1.54585,7.42050789728
1.45892,8.88787099694
1.89969,9.67845990228
1.37821,8.15462227588
1.55205,8.01537689011
1.15474,9.51382710376
1.5024,9.02010846122
2.159,8.75469755476
2.51287,11.38504272
2.69291,28.182096614
2.7612,26.0065618966
2.79224,21.1233429261
2.88535,14.6067179216
2.92259,18.4911595039
2.77361,24.0917570928
2.74256,28.109333718
2.44458,19.5030623306
2.36387,10.0038531124
2.26453,9.0
2.0969,6.50697048149
1.7803,7.5363828617
1.41546,11.0857430188
1.19198,8.91272588776
1.12369,8.89575486557
1.16093,7.77933977821
0.95606,10.5542754598
0.88157,8.23914363038
1.07403,9.88054395561
0.80707,10.0399417214
1.60026,7.47382580066
2.0907,8.329531711
2.33283,12.3446900315
2.29557,20.5892392408
2.26453,20.0601838947
2.3825,29.1135561358
2.43216,29.5320411846
2.58116,27.7638342765
2.41974,22.2120416408
2.12796,9.19589410785
2.05345,6.72740212116
1.76168,8.78464427838
1.01815,13.7959607823
0.99951,10.004130573
1.10506,9.14987219159
1.48997,8.79166487715
1.30371,10.2607114739
1.30993,8.33333240245
1.03056,9.37636350403
1.63751,7.90124988925
2.159,7.88554433149
2.3887,7.0142709289
2.37008,17.8194589852
2.55632,20.6430050366
2.63701,29.7403104397
2.73014,27.8586098161
2.73015,26.9983332089
2.69291,18.539933965
2.54391,24.5187700628
2.51287,27.9457421583
2.48183,25.6163587009
2.25212,9.57438550301
2.14038,7.49241850166
1.96034,7.92820612772
1.12989,13.6262181026
1.14232,8.01231339632
1.03056,6.862306232
0.90019,7.36534737751
1.07402,9.30622251199
1.19818,8.16152827548
1.92308,8.16467343986
2.12796,7.00009044057
2.58116,11.7977724003
2.30798,11.5461972197
2.46941,22.4306855032
2.36387,29.0079630366
2.60599,24.4877834851
2.82949,22.4814786039
2.8419,19.0573937531
2.8419,15.9891885697
2.94743,14.502069359
2.82948,18.4829176732
2.47561,27.5162780046
2.33283,20.4086247864
2.11553,13.1507957704
0.90639,10.8140818316
0.97468,13.6670152028
0.7636,14.9144548659
0.72015,7.24614202744
0.73878,7.10307816159
0.96847,9.60736059556
1.24785,20.0222317035
1.61268,22.6695617279
2.17141,21.993724677
0.63324,6.61320277504
0.62703,14.5864912777
0.57116,15.1735557647
1.09884,9.87795455636
0.97469,7.71574075864
0.88778,7.3096086071
1.59405,9.65420296615
2.10933,8.27454146308
2.09691,7.35910922037
2.05345,6.9285179305
2.07208,12.3693652532
2.13417,8.14657994041
2.10934,17.8322325328
2.13417,18.5950543359
2.22108,20.0072748813
2.07209,9.70604171815
1.83618,12.2502298545
0.45941,13.0933797222
0.39733,27.043739594
0.39731,18.0502928733
0.3849,18.6523126787
0.32905,19.7626861126
0.3787,8.66672288641
0.32905,13.8940456151
0.35388,28.8319207515
0.34145,22.7143365561
0.33523,26.7855886048
0.44079,17.2665870469
0.29799,14.4431623729
2.19004,10.3370957393
2.28317,14.494675121
2.29557,13.4418087731
2.17141,13.6774134885
2.27695,19.0637248945
2.18384,18.8220526102
2.19004,26.4622646153
2.22108,28.4819370066
2.25212,24.0072810115
2.308,28.3531598929
2.11555,7.41208408998
1.92308,11.3898302054
0.52148,13.5735969709
0.55253,15.0730475618
0.77601,10.5289057352
0.58357,13.8167096954
0.50287,7.20617158903
0.46561,11.3419568562
0.51529,16.1090069582
0.51529,14.4531474932
1.77409,15.9406298906
2.41974,10.1313546492
2.40732,29.5601055178
2.50044,27.1788287554
2.71774,20.470700137
2.46319,27.4445965018
2.30179,15.4164688285
2.3887,24.4974935038
2.33283,22.9705720693
2.35767,24.6209715103
2.2397,15.0258818828
2.11553,9.02034509753
2.16521,6.49402396057
2.00379,18.2222570252
0.61461,17.9482096133
0.53391,24.6024834263
0.55874,28.8646571092
0.42837,11.9889829395
0.3787,22.8255496852
0.49046,10.9332719103
0.27937,22.2362035846
0.24211,28.4594669957
0.35388,26.4860240568
0.63945,27.416644189
0.28558,24.363393445
0.24212,21.8168020498
0.29799,7.11822820603
0.40352,6.1373506903
0.42216,5.86313616327
0.48425,5.53924391213
2.01621,5.51666497847
2.0845,6.68674699591
2.06587,5.69397698675
2.20866,6.9521596098
2.08449,9.67707230372
2.07829,10.5792823172
2.08449,9.64264308414
0.54632,12.3863259606
0.55254,11.8332337255
0.56495,11.8407164642
0.44699,23.814030141
0.37871,7.43921808038
0.39733,8.60686026311
0.61461,13.7808337829
0.3104,16.1786714616
0.37248,18.1168619607
0.36009,17.9090214784
0.47804,18.0405879442
0.32904,10.265799337
0.40353,6.93026091178
0.34145,9.58434290797
0.42836,9.71405246168
0.447,9.27414223338
0.47182,9.38882986606
1.88583,7.88333896629
2.04725,9.85558124282
2.02863,5.48142735947
1.81134,6.39078266184
0.54011,8.19871840234
0.44699,9.01937686801
0.54011,7.81738210389
0.40974,24.5303145448
0.38491,6.70051392095
0.37248,6.95347774893
0.298,6.24719451998
0.36627,7.44476472982
0.52149,8.63419986822
1.97896,10.6117787856
2.08449,6.59821491117
2.59978,28.7591006282
2.73016,27.9906387162
2.73015,29.567889968
2.54391,27.9951777512
2.61219,22.1657460224
2.34523,12.3747084262
2.23349,6.50777598473
1.99756,6.06663490065
1.89204,5.62597178711
1.87963,8.2881227905
0.70774,6.200873592
0.78845,6.10266356003
0.65186,6.46516230706
0.73256,7.06638735518
0.61461,6.80722257719
0.6767,6.10234474835
0.67048,5.86611864476
0.91261,5.46869329358
1.0616,6.41041356076
1.65614,7.32177034296
1.95413,7.29199897287
1.97275,6.76303938678
2.02862,13.216247399
2.14657,10.7007540329
2.308,26.9217943817
2.26454,20.9132782664
2.20246,18.3344486325
2.159,6.41820506896
2.14037,6.97277251047
2.07208,6.77237331905
2.01001,6.89551294192
0.9933,8.49181011499
1.06159,8.65581172641
1.861,9.606747404
1.82997,7.98871931362
2.02862,7.82795446415
1.05541,6.16693807202
0.98711,5.7548736498
0.93124,6.21531761815
0.62703,7.03837137153
0.76982,7.43469529172
1.99137,7.39895707009
2.06587,7.61903972119
2.15899,8.00238910154
2.3142,19.5476474393
2.28317,23.7355180751
2.4011,28.5214929731
2.42595,16.0103936466
2.46941,28.5043501533
2.26453,20.1026753084
2.12175,7.22755776476
2.01621,8.68968876858
1.58163,7.15562624245
0.99952,9.79055997736
1.12988,8.464323201
1.11127,9.52276140282
1.16093,7.25263821261
1.08022,6.31036557623
1.02435,8.19516207753
0.86914,6.83980512116
0.9002,8.01271157115
0.80084,8.04053344139
0.68291,8.88236687512
2.03482,6.65120518727
2.13417,6.86112201765
2.31419,11.459654782
2.27074,13.5274053076
2.3825,21.9479966847
2.4632,22.9249543523
2.43837,28.4122292436
2.19625,22.1636805161
2.20246,8.9466460892
2.24589,6.32674483814
2.11554,8.25096599734
2.01621,7.37331412001
2.01621,7.04670998484
1.66235,10.4615351494
0.9126,7.96918249742
1.20438,10.792864876
1.27269,7.27499281374
1.36579,7.32242988936
1.07401,6.48003641414
0.84431,8.44870629035
0.86294,7.18888777937
0.90641,17.1441902748
0.85052,6.96775221238
1.72441,9.35369062873
0.73877,10.2499765225
1.97275,7.52800776626
1.99759,8.65528080357
2.44455,27.2997280593
2.84189,17.4478322182
2.89156,18.1480473885
2.84189,24.7922991864
2.72394,28.1733497906
2.55011,13.0574916571
2.3142,8.65999408155
1.9293,7.08143172767
1.01815,14.9243057449
0.9002,9.30628240176
1.03055,10.232615512
0.894,8.64785094245
0.67669,9.22814340234
0.78223,7.88928262324
0.64566,8.06151108229
0.49666,7.76122381335
0.61461,27.7176156232
0.4656,10.3288980285
0.50287,13.3536670434
0.55252,16.4720618128
0.52769,9.89971463069
1.93551,6.55627975548
2.04104,9.06939926896
2.23349,29.0322665705
2.3887,28.0504947796
2.35146,22.543065714
2.27075,25.6465353467
2.21488,27.0035084564
2.35146,28.6417829621
2.40732,14.4758005298
2.09691,16.6841594511
1.2789,8.29547949321
1.19196,12.1883692686
1.00572,8.82992477231
1.01192,11.8870865791
1.1361,7.86425400091
0.99333,8.39061610409
0.8319,8.1849274685
0.82569,28.7521795538
0.65187,12.2828770901
0.62082,14.3402536876
1.99138,13.7610777742
2.05346,12.0570138402
2.09071,24.6792715536
2.14038,28.8341615367
2.17763,28.9906561911
2.17142,29.499305438
2.16521,29.0018076596
2.20246,24.9966313214
2.22108,27.9731424643
2.22729,28.032303195
2.19625,28.9555526767
2.04725,23.0050230897
1.80513,11.0442716252
1.02436,10.4523033202
1.521,10.8076453321
1.29131,14.3031949608
1.00574,8.29578371314
1.09263,7.12944503902
1.14853,8.57331325911
1.03677,10.6418764328
0.97468,12.4070714868
0.84432,12.4253223503
0.78845,8.55735581254
2.05966,11.3200380971
2.12175,25.882346293
1.48377,11.2149823659
2.11553,8.84767605624
2.32663,9.23631852731
2.55011,10.3508972399
2.40112,19.6786068555
2.3887,24.2572936076
2.44458,27.8053698344
2.38248,27.5968242803
2.29558,25.5150355876
2.308,28.8479111924
2.40733,23.0076701454
2.308,17.0100545269
2.3825,6.51796418271
2.36387,7.02507593681
2.37628,29.9832143278
2.15279,15.8336607095
0.62702,19.6292902617
0.59599,18.3495263654
0.55873,23.9082778351
0.57114,25.5524318014
0.57735,9.67237068432
0.54011,10.5809416827
0.44078,16.1033367286
0.54012,26.0459435216
1.11128,15.7139691798
1.861,16.8173947881
2.20866,8.78611366564
2.36387,17.3218944634
2.33902,28.6257686026
2.3142,27.8041972601
2.41974,29.8992183842
2.29557,27.3696876711
2.18383,28.5932634682
2.17762,27.9644184424
2.33283,17.4956043027
2.30799,6.00394458
2.37628,5.98789946995
2.20246,25.9995170412
2.05966,28.4120029
0.57114,17.7536407244
0.6891,18.5120880964
0.69531,16.1911019175
0.63945,13.260011989
0.63324,8.31706015525
2.08449,29.1168588932
2.17142,20.0713730643
2.32041,24.9826536431
2.45078,14.0163885663
2.43216,28.4869147806
2.26453,20.842049438
2.12175,9.1376904192
1.91066,9.30736017213
1.00572,10.6725101997
0.80707,8.63013201993
0.62082,15.1513245865
0.58357,8.64472386058
0.47804,16.7257519129
0.42836,22.4943572952
0.43458,28.8396766538
0.74499,25.9062583463
0.4594,25.4579254715
0.29178,7.7831648966
0.24212,7.69496312459
0.32903,11.2202184459
0.32903,15.3000904746
0.51529,13.1796896618
0.4532,6.60957657598
0.37248,7.98161142295
0.54011,9.07019682132
0.39733,10.0298940868
0.34145,6.76966164357
1.97896,7.11746693293
0.36628,7.2403890805
0.57736,26.9907657767
0.60841,26.6325997974
0.28557,16.9629266843
0.80707,24.1626496126
0.97469,8.47242712647
1.1299,9.96455925226
2.02242,10.8237465566
2.3887,8.20008056837
2.2397,9.9209947249
2.41351,10.0697887092
2.32662,12.2754453887
2.23971,13.1699242934
2.35766,10.9355463175
2.07828,7.70668363664
2.04104,7.57684157188
0.77602,9.62574810873
0.40974,8.06203975996
0.40975,9.03131132662
0.3787,7.62869079944
0.44698,9.65801950889
0.40354,15.5059634326
0.88776,11.0222444411
0.62082,28.8078424437
0.46561,7.08258915097
0.41596,8.41984603118
0.31662,9.12019865335
0.32281,11.1482883541
0.27937,10.2700542789
1.96032,12.8999355549
2.20867,29.8591703632
2.44458,11.5125041258
2.37629,15.0185116731
2.33903,28.03528598
2.18383,26.145058304
2.11555,10.675723694
1.96033,8.21004709518
1.91066,7.46628819338
1.06782,6.08536327283
0.78223,5.4212332672
0.88157,6.56667763145
0.86914,6.82774658707
0.78844,10.0931267486
0.67048,6.30669401984
0.7512,6.34773415378
0.6084,7.0213575581
0.47803,7.78666207401
0.43458,10.1560109811
0.33524,17.1959792157
0.35386,8.68700631798
0.43457,12.4567546339
1.65614,6.55114404962
2.17762,12.7451946128
2.37629,28.9939768124
2.42595,29.4672450198
2.41354,26.9717100487
2.39489,26.5007119869
2.41353,11.2671067752
2.04724,8.22986285548
1.12989,8.09233187431
1.1237,6.35123636556
0.98711,6.45377221309
1.1299,6.40155168342
0.88156,6.27424182449
0.86914,6.41241060353
0.81327,7.57006145965
0.98091,6.30114957054
0.70154,10.5982797251
1.5506,7.43563574239
2.02861,10.5732271784
2.16519,9.17423391718
2.20866,10.1199960051
2.25211,25.4362770274
2.34524,27.531582321
2.28316,29.5051097099
2.32661,25.5122640892
2.28936,16.4807527325
2.29558,16.9949960436
2.2335,27.9499601988
2.0783,11.3321821035
1.89204,28.1789719347
0.86294,8.84750747966
1.81754,11.1169263136
1.37821,8.2435647442
1.44032,6.0642913457
1.61414,6.36586731549
1.68863,8.61826412977
1.60647,8.26601221276
1.2851,7.08252942924
1.21681,6.27580294957
1.01815,12.1104112843
2.0224,7.0202591713
2.04104,8.35289093593
2.33282,14.4484543631
2.64945,26.5732577583
2.43216,27.4749741415
2.28938,28.6470706644
2.25211,27.7050994203
2.308,28.3085790424
2.19004,14.2902756357
2.17762,8.88855060474
1.95413,6.80557544299
1.76789,22.1121065026
0.66428,9.77194572056
0.62082,8.45262906184
0.6022,8.4358083369
0.50908,12.8489900075
0.47182,10.3379949513
0.47804,7.46194511249
0.49666,7.79362055831
0.60219,7.46789973842
0.63945,9.1
0.47804,28.4451939992
0.40353,16.8008485694
0.42216,20.5156973677
0.37871,21.0948974023
0.42216,19.7828551008
1.97276,11.066791838
2.04104,6.03619569168
2.24591,21.0564588317
2.22729,29.8298371948
2.3204,26.1256419229
2.159,13.4297191757
2.12175,8.89565107109
2.08449,11.9510848013
2.17762,7.77626734331
1.94169,6.73652974369
2.06587,7.20602762058
2.0038,7.07666960425
0.96226,7.57936762635
0.87537,8.23456624368
0.78224,7.23197652365
0.90639,7.62055646401
0.91881,6.97068278427
0.85052,9.29860889323
0.63945,21.7507901654
0.59599,16.0720995209
0.49664,23.0512978233
0.55252,11.9110379499
1.98517,8.47278443067
2.04104,7.61436343418
2.17141,26.4110285623
2.12795,20.8392228032
2.04725,10.3654070009
2.01621,8.49894130229
2.00379,7.71576264674
2.09071,7.64968494346
2.11553,12.1900007927
1.99136,6.53268378746
0.9188,8.32456726855
0.81326,9.44033310584
0.86915,11.4508473367
0.82568,11.2299807375
0.76981,8.20281609898
0.77604,7.08972546331
0.71394,7.91494026418
0.79465,10.8181790468
0.63324,9.00464400996
0.57737,13.4463588677
0.58357,15.2368992704
1.91687,13.5227772123
1.97275,10.577142375
2.17762,10.8451563366
2.27073,28.4220031067
2.22729,15.8071092514
2.2397,17.7028149161
2.23971,10.126819369
2.15279,7.41589990548
2.04104,6.22633236522
2.07207,7.5
1.84239,6.76492180487
0.63323,10.4477694881
0.54632,11.6838867681
0.58356,10.9048977626
0.64565,10.5559260182
0.76362,7.99615276574
0.78844,13.6548335475
0.77602,9.48917560845
0.85673,27.0907678835
0.76361,8.69789987564
0.65187,17.7333046712
0.71395,10.222765741
2.02863,7.50969846196
2.08449,8.65059831354
2.11555,6.52729174798
2.27074,8.73060329118
2.19625,14.5543942738
2.15279,9.84631592064
2.17762,12.5300078134
2.20866,9.4432083585
2.19625,9.06145821128
2.30798,7.58998443625
2.15279,7.40637232378
2.20246,6.67401063082
1.99757,7.8431581185
1.11126,9.33083926387
1.09886,9.06720201097
1.10506,8.52165795504
1.13612,7.70548431627
0.98711,6.71497698095
1.44029,6.91125614063
1.36582,7.10884067401
2.0224,9.99960766286
2.20246,9.66840325582
2.35144,9.73143540467
2.46321,18.4515495935
2.41974,15.6327297647
2.42596,16.7811943776
2.25832,14.4781540825
2.20246,9.68073943325
2.12175,6.72130478701
1.94792,6.50305081032
1.84859,11.9768809998
0.91261,12.0977521318
0.73878,10.2017515914
0.80707,7.58821655006
0.80087,6.86171530057
0.78224,6.78761230287
0.95606,10.2831418188
1.20439,8.34612755396
2.01621,8.9809547581
2.01621,8.01390667026
1.94792,8.95443227072
2.14658,9.32649496194
2.10311,8.85265670134
2.09071,7.3570493176
2.06588,8.58215540967
2.10312,12.1554782394
2.41354,10.0915167681
2.35146,7.59800483553
2.06587,5.5899480962
2.03483,5.59051439183
2.01,6.74062256258
2.04102,5.80727873741
1.861,5.63140220762
0.66426,12.505092585
0.69533,11.1044771029
0.57115,15.1392182196
0.6022,12.6276954089
0.49666,10.7986421834
1.02435,6.46148578322
0.82569,7.44668269194
1.24165,8.53178246894
2.07828,8.41213600891
2.52528,8.84517300182
2.3887,14.9753462445
2.35144,18.9009609891
2.49425,27.5441395952
2.43837,23.4324525408
2.61218,24.8862756897
2.41353,17.248712352
2.51908,7.92155087656
2.41353,8.08207300491
2.20245,8.65347019865
2.38249,9.64845168969
2.308,7.45698146857
2.25833,7.90290288597
2.3204,8.60307437958
2.06587,7.00246801149
1.8548,7.29647199243
1.04298,6.84215983346
1.11127,7.85411287288
0.9064,6.72969740256
0.88156,6.63722613849
1.00573,6.49013741526
1.72443,7.88449302094
2.13415,7.68890805863
2.33282,9.08206617746
2.37007,10.2922175439
2.45078,14.7802552319
2.35766,12.4607208815
2.38249,9.86163666925
2.17142,6.74833756769
2.11555,8.11245399415
2.21487,9.05219775447
2.20246,8.65724538795
2.10312,5.91309116353
2.36387,8.27109010409
2.18383,7.78088935385
2.15279,6.60779865576
1.91066,6.83905068424
1.82996,7.84503501769
0.94986,7.43167674918
1.06781,5.92025074753
1.40926,8.39113156667
1.41546,8.19093682452
1.8548,8.15062256239
2.159,7.43610286446
2.2335,8.87690620615
2.46319,10.3902049802
2.51906,19.0110790431
2.65565,15.2555726651
2.50666,18.1123813511
2.21486,8.64465123147
2.17762,8.523915481
2.09691,6.68621121884
2.00379,6.66892742629
1.89204,6.56973134946
1.86721,6.29405058897
0.93743,6.87783647933
1.861,6.94351265549
1.79271,6.22800310813
0.64567,5.70529393077
2.04105,6.88400666047
0.63945,8.62494006493
0.63324,7.15044513551
0.52769,9.31055329279
0.86293,12.4138158362
1.05539,6.85613648023
1.12369,6.70976731311
1.88583,6.06175798806
1.99757,8.22203828059
2.12175,8.59423451901
2.14658,7.5
2.17142,6.19838019936
2.02241,8.25839523362
1.96033,11.3558123158
0.71394,7.13124265427
0.66428,11.3451002742
0.81327,6.85768092168
0.88158,6.63541742327
0.8319,7.17689476524
0.93745,7.27803080163
0.76983,7.87419310342
0.73879,6.11942590104
1.55059,7.72894841103
0.85053,7.20860611188
1.55678,9.26087649042
0.84431,7.69793284685
0.62704,7.03181901931
0.9064,7.08710762003
0.9871,6.56433053389
2.28936,7.03932267564
2.48182,16.4260602138
2.38869,18.8176305868
2.39491,29.289518589
2.27695,28.7730852989
2.22107,20.3571099862
2.12796,7.54244779877
2.00379,8.56813838992
0.90018,5.50801550148
