1.43828202394,3.90721427353
1.16270161547,4.09140789046
1.01638038224,4.43633096397
0.930991007371,4.4184573037
0.822255610329,4.2220284363
0.77376054732,4.10115433264
0.70033952591,3.96702217715
0.684769452954,3.93534938305
0.669797159451,3.79626837246
0.607265675955,3.71117627481
0.60867976915,3.77283371971
0.702890395538,3.64845993668
0.965673770325,3.6500188962
1.35676053145,3.86820103657
2.00239931669,4.72846037664
2.1536151699,4.36262801205
2.18498526735,4.09305439154
2.16699746753,3.89320921945
2.12170736306,4.5800321546
1.93197381317,5.49830649427
1.20490975474,3.92485653057
0.802460500532,3.83056692636
0.756272182018,3.94591251845
0.681793605052,4.12811316909
0.724872714777,4.12188780649
0.92333887078,4.18394346884
0.924759628253,4.45548158761
0.856065152999,4.4047446247
0.809192044064,4.4033001383
0.786983257485,4.30642200215
0.729628418142,3.97759115087
0.689254934924,3.90063006467
0.628781474019,3.81353320901
0.555521029703,3.56297183047
0.509792076923,3.46083420913
0.556585248826,3.37494699795
1.81494186633,4.49539016057
2.0671322796,4.52877637649
2.06607063492,4.38993077136
2.0794756973,3.88576521905
2.05899857678,4.49113916437
1.63301310388,4.36079169458
0.795675471014,3.25959040852
0.535379912049,3.16477515802
0.489866588022,3.26513838151
0.655068467742,3.62478885898
0.792485797872,3.82431373639
0.820851853496,3.99304378334
0.718360628445,3.96775228261
0.825005690476,4.28507520702
0.737858093607,4.10607880681
0.725668748538,4.20572966461
0.685937471526,4.09674209513
0.649638178844,3.921403191
0.660401001076,3.87251302423
0.726167507821,3.7528669149
0.99376519,3.59787184763
1.49357128889,3.99484547382
2.11770397972,4.55431879053
2.16147588443,4.24090723302
2.14213920046,4.16898504051
2.09512598504,4.48490171605
2.00038584803,4.88252000143
1.13991263747,3.6631327157
0.482082613909,4.21486339826
0.264356316695,3.09670526837
0.266114620517,3.00020834895
0.227629670683,2.88974200477
0.218632685039,2.83416362285
0.27782028,2.87744550312
0.425991857778,3.19927805775
0.470909089184,3.41149601028
0.480394287109,3.51386379254
0.4597026341,3.44600888323
0.422467766258,3.39249166186
0.383749047619,3.2928553579
0.394047996374,3.26298144068
0.391181989001,3.29636678025
0.428892070896,3.35531620613
0.604477089073,3.30281754663
2.03223941026,4.56957260826
2.09655065957,3.82750043455
2.08375761013,3.95306219204
1.93101208976,5.04753722057
0.78433469428,3.51809798159
0.404550887992,3.62989789389
0.367837548807,3.90211597877
0.327248081335,3.74963885412
0.309815442105,3.78762785589
0.328479544259,3.15402191343
0.464726072374,3.17605994377
0.593100763052,3.61048227883
0.622628737166,3.692821263
0.569798989098,3.56690761152
0.56422511976,3.58992466691
0.486443215941,3.33540083409
0.439649718693,3.26321290049
0.397498513514,3.24119885396
0.355760225108,3.11551458154
0.351664709619,3.26345538887
0.344029963636,3.26967205866
0.392069504505,3.24103363444
1.49641462089,4.99710319742
2.05983772917,3.74878629483
2.04132088496,3.97938715155
1.5032235536,5.23484944242
0.305224208224,3.14832057733
0.233112311321,3.39495840755
0.240872921478,3.68661243162
0.204276480836,3.13253352839
0.185593829966,3.02762920314
0.240636587537,2.66840048798
0.255672676878,2.62518268465
0.317371661515,2.78099751535
0.433827419651,3.30263418704
0.457856884422,3.61703228435
0.41653409919,3.63862862784
0.39151333682,3.76422692554
0.405218512397,3.71483109099
0.376752568251,3.63787686826
0.326151712871,3.56314303787
0.31537733871,3.62791343158
0.297702194656,3.43160832086
0.491589205176,3.32134933648
1.98411664418,5.75555161535
2.05375476861,3.62054022728
2.05846265625,3.51249638085
2.01842527174,6.08958455791
0.312364411483,3.44011479319
0.195946071066,3.65218823292
0.197488277662,3.40696896697
0.165330470085,3.07645031797
0.136900808081,2.59601700366
0.135321851312,2.62334856503
0.146929399076,2.7713469092
0.163735031334,3.21861990363
0.140370849273,2.75260945815
0.225278425414,2.48499268312
0.247800863053,2.56537837354
0.258225967239,2.80722557725
0.315182992126,3.14838406884
0.330320277529,3.21945110496
0.285027008547,3.07622317875
0.266903667546,3.16577986639
0.363894217926,3.15958289867
2.10807405464,3.78925783875
1.03988917508,5.37385344481
0.231956302596,3.21932460883
0.230886439114,3.31892425139
2.11867090717,5.59079679209
2.02518136919,4.96427553087
0.162187612179,4.90566365436
0.172613971292,6.20195436743
0.144662447644,4.56308046707
0.13547971549,3.78158791754
0.130464188948,3.20649683123
0.139148369028,2.96444022833
0.224790527638,3.01154438664
0.227277145038,2.74647014439
0.335015371263,3.47080615651
0.396775353201,3.97140509406
0.370454664502,3.8926456333
0.356668933474,3.79869963533
0.321706253902,3.74516282522
0.331065950855,3.84330223839
0.475410840249,3.72776873399
1.10900465026,4.51418094742
2.03518879336,5.29022136946
2.10266250217,3.12442893001
1.47236603704,5.91583546139
2.28187966825,6.91586550202
2.1106079517,3.21799047505
0.873871769596,4.19409588
0.2178545625,3.86701950027
0.301392836753,3.13617702503
0.277118693808,3.04737694061
0.314626201681,3.02137913689
0.312047957689,2.92753508314
0.33481210394,3.01522387826
0.281166807018,3.15714913663
0.294645023652,3.405068599
0.255719521277,3.18316396436
0.241076452465,3.16605866466
0.240949224806,3.09995152519
0.254655132318,2.88601055782
0.25792746315,2.79083446178
0.271503513085,2.8525816441
0.382854727969,2.75638682328
2.08077129697,3.91510161661
2.18559575931,7.06189721645
0.183812218208,2.59918431279
0.150839625085,2.45249542631
0.216812474302,2.64239220913
2.08304227129,3.47118168016
0.907172890323,4.22252103314
0.209720625,7.67676700185
0.146349222357,3.9609683479
0.132744343241,3.41523594364
0.112693819174,2.80479804783
0.219110838369,2.71632875589
0.329890568455,2.8818348835
0.276898632544,2.74842484319
0.313799618794,3.18725269663
0.386694547069,3.19630815939
0.435876162162,3.2406630619
0.494876729901,3.25007387352
0.558771914515,3.2039018148
0.660072300806,3.22209738027
0.939240432277,3.45469336506
1.78631284615,4.53294114952
2.08904479421,2.74333976777
2.21070762814,3.61017751767
1.88142476431,5.80973643586
0.816066293839,3.407759104
0.790264382129,3.42079280854
2.22885669145,4.4579872102
2.057817998,3.34813657371
0.32433848816,3.269558294
0.231318331726,3.45398895354
0.267297944444,6.00209822547
0.180709566421,3.31958633129
0.162541537849,2.86804185139
0.145477181677,2.79364489728
0.146326106115,3.23336982418
0.171718901674,3.76041667508
0.257566709234,3.53007746065
0.421018492063,3.56581078576
0.443464423676,3.73586153235
0.462053507692,3.69055540188
0.473403833505,3.69687579227
0.477729205742,3.44283018465
1.03467130536,4.18872060928
2.06417880871,4.12122565125
2.1055837207,3.51193455931
2.20558936552,4.85873158399
1.9474873,7.84783970327
1.14687074189,5.56262290024
2.3167731713,7.23889288662
2.15022133641,4.14249684567
2.01880275391,5.87689927842
0.339215471478,4.18554916165
0.374242205323,7.80487933457
0.286784167679,4.37044846325
0.270181024096,3.61387060369
0.281024964912,3.15535847966
0.291856923077,3.14615349443
0.304131321586,3.17042969436
0.364435164444,3.1989327635
0.475180232558,3.48707615588
0.454547665072,3.44405278447
0.4301548659,3.44660873617
0.388060501792,3.22511716699
0.411303376265,3.30929567551
0.650965031789,3.23109353959
2.17226516176,5.06116002698
0.52990737234,3.82904223868
0.187053247078,3.00354048213
0.144449723261,2.6905803285
0.133940971691,2.75096001526
0.199968663793,3.78695793819
2.05431358593,4.54190605944
0.25252,4.83824041429
0.111601061224,4.29723768034
0.108231387283,4.67473976751
0.102536356073,4.66433825748
0.0911061387283,4.03323124862
0.0907177039848,3.41136716691
0.0956705660377,2.82878722791
0.105307724444,3.19901604494
0.1216650913,3.62553212903
0.193783214971,3.26244529948
0.26594884743,2.98417881855
0.260844834606,3.05114618704
0.311444826389,3.1206263006
2.02760076923,4.53898192604
2.07681342335,2.8572479528
2.11200646279,2.6523348799
2.16829466726,3.19309083233
2.19506438538,3.9851451189
2.22367279879,5.39190729887
2.18971238095,4.62879995143
2.09663818917,2.90919603175
2.0244027957,3.98494816412
0.242174310646,3.1399570022
0.158947526882,3.58095986167
0.157369397715,3.69095171756
0.155973306085,3.26831707422
0.154322850394,2.83365816599
0.183829034594,2.89500674241
0.247506135714,2.57072730245
0.301188227642,2.92593864919
0.36680733945,3.30124779442
0.359209944186,3.34620859413
0.314731231061,3.40800309114
0.278218067079,3.17575223586
0.272772036503,3.45401145495
2.05450896341,3.96519280017
2.08418289637,3.18668115313
2.10878146945,2.78324497872
2.13851858274,2.84970655176
2.1424685969,2.79009017751
2.11536909843,2.97705881771
2.13505392599,3.248019186
2.12147128469,3.69873886269
1.99748227047,4.31936869224
0.912687771976,3.12993098638
0.44180335426,3.22802102681
0.419407385965,3.15477000649
0.376290385604,3.08415545008
0.379260402802,3.15125111762
0.339451635593,3.048069752
0.306062627258,2.95475370124
0.282514288052,2.94367747192
0.28257756,2.87781319946
0.347838568773,3.34401687703
0.57976395112,3.66378839662
0.903844125122,3.51578618545
1.85742029831,4.54629196457
2.10017852174,3.90854750879
2.10088206218,3.72520393644
2.07630858458,4.13969093624
1.92833985411,4.71676911023
1.19606286303,3.66472117818
0.579479343987,3.02536590552
0.428509561258,2.97891479816
0.348282126582,3.03636919865
0.274192782258,2.90148169102
2.20435280702,3.68009685562
2.22301420792,3.56210384426
2.21686203302,3.71332995506
2.16112719372,3.7688986713
2.09972162762,4.43693144342
1.53394738876,4.17366698306
0.601122699275,3.25934704958
0.367071000894,3.21492413484
0.325812764085,3.16788237953
0.339889974003,3.11777273236
0.488656180492,3.27804202297
0.39680301701,3.22205673951
0.426391573034,3.36988566765
0.458965856874,3.38732990439
0.403363918919,3.47362142254
0.373393970588,3.30756909824
0.376149176688,3.32855725825
0.365844831858,3.1833942866
0.397868157895,3.15708198698
0.463751190037,3.3168157026
0.63481287156,3.30097104484
1.27527454739,3.82258381379
2.09110358942,4.5313256537
2.14866625871,3.57986843721
2.20550812016,3.48469431093
0.896606868687,4.0377704475
0.565774068136,3.60432580956
0.626599067882,3.64579850877
0.740654590495,3.63789123501
0.885934582104,3.53842120582
1.01278615307,3.61970484346
1.24578135076,3.91076643211
1.95587104608,4.47995615591
2.09973162874,4.30936438895
2.15490030581,3.66796460656
2.1921845283,3.39358709266
2.231200715,3.57217081227
2.23889282365,3.66578599547
2.15191413859,3.45694182487
1.49641867704,4.58423043949
0.287039292365,3.34844731413
0.254569742647,3.30836358155
0.226890568679,3.14834636258
0.19591907377,2.94825325638
0.191716717742,2.89990247255
0.173572365678,2.88493141875
0.17368062069,3.10184868559
0.163165245023,2.75497890584
0.174732849462,2.76393415247
0.224393884533,2.56418091207
0.28425976247,2.84918830128
0.2978239801,2.98286751359
0.30505539629,3.0328685525
0.323852075163,2.93950235816
0.321200704564,2.88050390615
0.389629668016,2.91410636048
1.15940917949,4.56147632188
2.03425099404,3.57695774564
2.05220916031,2.74562600916
2.02546659851,3.34096600872
1.06964013464,4.23144340907
0.232981538462,2.70996814467
0.24076702459,2.94986719899
0.234062651391,2.94282869861
0.218068457792,2.92123873041
0.248589285177,2.70718038055
0.266465277178,2.59056872019
0.289314279141,2.76021804967
0.277027405112,2.78797397616
0.279121023077,2.76867514817
0.350851653813,3.08341513419
0.441203839542,3.43539028702
0.405244603175,3.35912974439
0.379088572703,3.21074506344
0.35059004223,3.03802914178
0.446344692913,2.83216297145
0.71312862194,3.23359820183
1.98447911504,5.17166641471
2.04954911463,3.35260602123
2.11351637389,2.89828684662
2.21006346642,3.26472223747
2.1966083435,3.13529839512
2.10964120363,2.9664313193
2.01024822023,4.51394676122
0.583942572374,2.97506581155
0.434527783833,3.26747769539
0.407834851485,3.23936409907
0.358389911269,3.19380841834
0.288093028523,3.01789012755
0.26483975039,2.80725716891
0.246398824,2.87666836177
0.239975351736,3.20258601389
0.260119291958,3.14225929091
0.347847155247,3.11815224416
0.559547414414,3.23976865999
0.661884328494,3.2651112971
0.665505137778,3.19604534603
0.728991496416,3.22033275583
1.46537661894,3.92733807008
2.10133129917,4.28823590167
2.11929592135,4.04373821483
2.2076596518,3.91545753641
2.24864747505,3.59003744799
2.26275484496,3.4837463899
2.17887388246,3.20367393367
2.0959506631,3.83671666513
1.36270021825,3.56880914456
0.533327007806,3.11902083927
0.415149290718,3.15099079162
0.347027543103,3.10248454335
0.321672837489,3.09224883969
0.255283925477,3.11780701187
0.206378749041,2.76220744641
0.214184157212,2.91492241688
0.204306326353,3.14011657803
0.19573478332,2.94215738849
0.281291397281,2.71810916783
0.36753124374,3.00071409636
0.794371176471,3.35710606635
1.48713287568,3.88650751387
1.70590754219,3.79491263076
2.01047112469,4.39895999055
2.09335095122,4.38821119782
2.13460601322,3.96288613363
2.15001898865,3.71340283431
2.16830694853,3.30765272261
2.15250512239,3.26224184896
2.10185433364,3.35209206485
2.03223969231,4.55630800629
0.961990801843,3.31731705935
0.427425402397,3.08132985338
0.350391478632,3.07630260643
0.317545236819,3.21588476943
0.28416776645,3.33548025476
0.202326220017,2.97557063785
0.198852635983,3.01010440906
0.185925,2.96502491842
0.202916845638,3.01854981673
0.217598900566,2.90814015398
0.232046690647,2.87660584866
0.22808524961,2.80469893844
0.250178673621,2.68154838351
0.263220037202,2.67719339423
0.317083680124,2.79231163783
0.343627575758,2.72609322293
0.563937733871,2.90186466181
1.35567137637,4.38234993821
2.03955858586,3.63519880112
2.07947866667,2.72669742797
2.11699793651,2.85332671065
2.10074087423,2.75934288538
2.04478225914,2.98863112469
1.37092449925,5.18063828354
0.225149901873,3.21043350564
0.208274984955,3.57863022748
0.201774925669,3.52106932098
0.184219459459,3.35304404454
0.12808775673,3.22331118676
0.111881797432,2.56633493604
0.112175716753,3.10756740644
0.112108223214,3.21144844095
0.132757345924,3.46475690269
0.168444935952,3.07134723617
0.195045178106,3.12432667515
0.181075780488,2.92572382482
0.220066085603,2.79962654851
0.3288661,2.99869942931
1.0497963136,3.73735113857
2.0561446401,4.6233632627
2.09125809853,3.10915263287
2.16280603321,3.31885354294
2.1888198806,3.58122762156
2.14981179982,3.30453122891
2.07084898481,2.87510574664
1.85601978836,5.38084704576
0.231518033106,3.50366602559
0.200665149573,3.83907911775
0.204997958963,3.84800213254
0.18052314059,3.98705170204
0.170091837524,3.47469415046
0.131734104991,3.0952887627
0.119473156627,2.88748107522
0.11596336293,3.9806941372
0.114468836032,3.64050594192
0.181232376718,2.90927578167
0.207964776923,2.76430987833
0.244392678019,2.78458722187
0.297153259762,3.05450767371
0.345341548013,2.97762052857
0.399356683292,2.98948785509
1.07081240602,3.86199221203
2.04800413119,4.10165556124
2.12030658645,3.20655072071
2.18926874,3.59815054319
2.22712061916,4.16370524703
2.18339220372,3.52413579334
2.12659657581,3.06533699905
2.09257078664,3.87751055435
0.760912160377,3.39504569887
0.397162263415,3.51161215861
0.385133233831,3.58099742465
0.433006049822,4.2685183382
0.409857760075,3.37011030258
0.455150269231,3.45789390014
0.558992697436,3.69042026449
0.631448409819,3.84021753504
0.614984002112,3.79655313326
0.62671969917,3.7310325445
0.599407428571,3.67231649933
0.624381208459,3.62294410429
0.653735781853,3.47409257133
0.905910887805,3.51004212231
1.6077515311,4.26118024458
2.09004592172,4.45560266746
2.11917788683,3.18060332503
2.14300613487,2.9594613335
2.18363422495,3.39855783748
2.16192328542,3.69162912712
2.11376800192,3.4550328687
2.04706044131,3.37918463226
0.719204882979,3.69555339283
0.217958788789,3.60246380787
0.211417381703,3.77872224477
0.217487815126,3.74599534057
0.171638417339,3.6192324091
0.149672484909,3.62020599499
0.121072406926,3.11508768466
0.113904441466,3.21353720447
0.13789939505,3.29695022253
0.170933780687,2.94295432204
0.196079288107,3.01363328017
0.25084738342,3.10720929285
0.328981638079,3.08696209543
0.484512378774,3.28884189847
0.850481311173,3.31948634537
1.55018679724,3.9656869552
2.09323987113,4.63831121305
2.11282302349,3.67652600908
2.13223857555,3.46171680072
2.14795769376,3.40187835857
2.12983099053,3.10010715375
2.09462086614,3.14808740599
2.05077880361,4.05458609858
0.707132840801,3.42959813434
0.29194140056,3.3600259516
0.262665166016,3.5136929606
0.236600387435,3.61226660157
0.198007724077,3.16250620776
0.200266584939,3.15061667092
0.190449228954,2.83131590638
0.207777003861,2.77900152618
0.241652512,2.87741317793
0.284943160136,3.06596455538
0.33502972381,3.42388138025
0.331892798077,3.45773316815
0.313582353497,3.3973517134
0.307571893158,3.37093527134
0.571168820171,3.42477343998
2.05416650811,3.63378513837
2.0854189646,3.18340644911
2.10868500945,3.39948412731
2.10611136042,3.17815790373
2.09910328436,3.1103771053
2.05835882092,3.18909945803
2.02225667626,5.17687023199
0.578987228682,3.48512887614
0.227298436019,3.4094194852
0.207390097752,3.51720707916
0.198304702381,3.56782625516
0.192981658342,3.50146694325
0.197374687217,3.26164619976
0.2026551473,2.94311574327
0.220331818898,2.83290511654
0.277828297189,2.88861515782
0.325216296296,3.09966935042
0.42662840474,3.28047687366
0.455979538319,3.31913223575
0.459095798319,3.35823328113
0.639688093023,3.34834466021
1.22221396533,3.89968836623
2.06658731796,4.36633123581
2.11188828292,3.20215670869
2.13472919603,3.25083698108
2.12749647687,3.20165308006
2.09698583124,3.00685893855
2.04867249141,3.09046799422
1.95071444676,6.58719321739
0.286430469157,3.12711414823
0.160821431159,3.25973147486
0.158131037827,3.48927484576
0.138914780115,3.43301837066
0.144406697009,4.40947663442
0.108823541877,3.62862443705
0.101351416084,3.14160789645
0.0923832112436,3.06529359245
0.0949217626218,3.1855278643
0.102182478713,3.40426269102
0.111786373737,3.63367756159
0.122781938998,3.91154476461
0.15597799115,3.15588523832
0.19741132287,2.68933359562
0.204976092985,2.93381574494
0.320538201681,3.01907921833
0.805594351648,3.79821945655
1.88173383534,6.24105315393
1.96680389452,6.91967429345
1.63374136861,5.58096844519
0.300631485909,3.07207551521
0.180593811189,3.14537274573
0.174190008591,3.09174988626
0.150470886288,3.00937035309
0.151219137778,3.19791022778
0.134634472456,3.3597363109
0.154271662651,4.33330981295
0.124442293408,3.34105435428
0.126436056725,3.29137234461
0.125287195326,3.00437688549
0.129396039464,2.53603728051
0.139804531575,2.49785970641
0.139908280387,2.48515398927
0.17161777707,2.29224760785
0.296612211472,2.48708944366
0.399878983452,2.83621276452
0.644373899043,3.13263860984
1.11109429577,3.6191340889
1.86745624495,4.7998624483
2.04155102233,4.22721618314
2.02178333333,4.7122428358
1.79606632168,4.92929348822
0.75151077484,3.28026866576
0.331706980449,2.60629894013
0.22735076087,2.60769569346
0.237700380117,2.6308304582
0.216037136782,2.55013569448
0.223868668555,2.54798806818
0.279738606108,2.81732159978
0.34415958042,3.14623638813
0.409076904532,3.46927943186
0.471569213012,3.77495540218
0.510913340517,3.87723310301
0.489599014085,3.89499718322
0.474835229645,3.75663533694
0.445700712831,3.66376006397
0.455777829077,3.53309271636
0.443168071017,3.44998176824
0.512908941948,3.36587389037
0.715032147588,3.40486030828
1.46527684148,4.17126785498
2.07628293919,4.04884116973
2.09545767677,3.63567602
2.06105267176,3.92241571409
2.01671914361,4.72123886541
1.10332955716,3.70464174052
0.44313090678,3.04905228441
0.371345580159,3.18593552445
0.324488219424,3.23463963299
0.300775346535,2.96819563647
0.293956608498,2.72927164802
0.280376088889,2.66556610828
0.336265687646,2.79469834354
0.487705532468,3.11473958886
0.546977790909,3.26855077332
0.597520564054,3.43997762378
0.595576069307,3.56048859744
0.579397205742,3.44058014589
0.636510934223,3.42798528319
0.639033608247,3.3708218957
0.649934995417,3.29566006136
0.743047156522,3.12751484829
1.65062883178,4.19261184259
2.08724829676,3.76001500852
2.11191428571,3.11412310203
2.07290146654,3.29818965623
1.98585452507,4.69194311768
0.682977263242,2.88832969353
0.392989421965,2.96703502342
0.321592122417,2.85881534792
0.304979711838,2.80094934253
0.257699824561,2.74375676574
0.234018747285,2.60484568188
0.198215250529,2.53974480815
0.208674306358,3.46023176372
0.156677876712,2.46414523693
0.165562240754,2.60927387544
0.201628042752,2.40390138381
0.38022753811,2.74196097648
0.472847171548,3.0091267826
0.573004373898,3.17263318711
0.456081120472,3.03179741675
0.443811710098,2.93117544795
0.512027960033,2.99579003012
1.50924323054,5.23200687913
2.07982894404,3.24298527229
2.15889121168,5.14971679863
2.15411520588,5.23828121629
2.04275471173,3.38848919602
0.222521022099,3.31244692944
0.173413781038,3.76305009891
0.155350598086,4.02223659516
0.154950752688,4.01835552716
0.146257309237,3.58972760955
0.127662935943,3.1980539712
0.122305242291,2.6404549366
0.131605406977,3.73006440824
0.11598218986,3.84564919436
0.108462781457,3.96930196891
0.108937602957,3.79578945515
0.103759663512,3.74412998033
0.105082534247,4.10888902622
0.166717767857,4.01282639381
0.266245990431,3.4441661719
0.433250437557,3.28105633741
1.68642493069,5.89658435801
2.04205899207,4.07514771704
2.15596903587,4.0135972077
1.49626247961,5.80772916299
2.15660834722,4.82376297352
2.02277774545,3.69563976861
0.181865549692,3.16119502383
0.165888251821,3.62699483171
0.180896943483,3.78335689075
0.197184278297,3.68707325876
0.188903637168,3.18436998889
0.16692021121,2.92391201025
0.148521856092,2.94260496634
0.136425424028,3.17142273625
0.136901284491,3.42063891606
0.142223949045,3.76768613163
0.125809579606,3.21860764326
0.206552620529,2.79735741067
0.314424145786,2.73166638842
0.257079749632,2.64972312692
0.233496105563,2.56568108955
0.242768505495,2.63445320772
0.436483858652,2.92247467396
1.99049619505,4.62888514165
2.12574910093,3.05190976531
2.17319258919,3.66675810057
2.18939854072,4.06512792138
2.08541681416,2.65428425723
1.81740286424,5.15518025134
0.225760680886,2.95010227302
0.236232790493,3.16371951349
0.233253662207,3.00320858202
0.241827815668,3.31192212497
0.23576922657,3.26964301015
0.255932923219,3.32650712693
0.354217414676,3.0697257676
0.332771340289,2.88860854413
0.385743550347,3.12348197859
0.455716741271,3.22230386612
0.5073382617,3.43542561146
0.488896701621,3.43048533785
0.565623369763,3.27720963017
0.916770807623,3.26536399512
1.03559112858,3.32875676383
1.6964841115,4.10780170882
2.02824660737,4.52590708007
2.06908781279,3.33488267512
2.16481296571,3.33473479532
2.34397121094,6.73731752765
1.69856736177,5.62313435311
2.22666987315,3.80452784494
2.06848368327,3.19379060777
0.672127512998,3.11823807147
0.32253641953,3.25116342595
0.317143025937,3.45179737269
0.314002306959,3.42922536377
0.276898883495,3.48735858093
0.513876882911,5.55435078918
0.830523648649,6.07126384238
0.73582684555,4.7079253107
0.664624373576,4.09515204139
0.638836648107,4.00639428955
0.569419541485,3.92671110897
0.548655751295,3.72613608174
0.543790721443,3.60415187931
0.656249980714,3.46839447568
0.859832467043,3.38527607413
1.49289003517,4.17742819576
2.00822678436,4.5364214643
2.21758173,3.59675165317
2.32313171634,3.69911985776
2.38550700333,3.99463723938
2.30760094105,3.7184241661
2.215575625,3.62829319433
2.07176638173,4.20767672472
1.02442994783,3.12652188806
0.56227505145,3.36195142387
0.49754976977,3.60274322419
0.449446244939,3.64050376924
0.406835738636,4.08408560331
0.319525548446,3.28955303571
0.344953306085,3.26647992049
0.451862065217,3.55261967207
0.477064554656,3.64181633456
0.515241583333,3.74799216501
0.585534230366,3.76840792609
0.668957513751,3.95750539993
0.738512322435,4.05514537645
0.848887844244,4.05799693033
0.981924037611,3.97974696004
1.15920225736,3.92351003976
1.49732817265,4.03474072974
2.15418964871,4.21291420705
2.2391219801,3.58034380444
2.30974466529,3.70408755747
2.31542154915,3.84150087951
2.21395963103,3.40418036997
2.09910717557,3.91201843691
0.586912656664,3.17524223111
0.365296995215,3.44370816751
0.311757461617,3.68108731764
0.279290660487,3.68086097935
0.205916607302,3.20472424198
0.17231039529,3.0255538538
0.165098012153,3.12232738371
0.16092926306,3.35567426275
0.179404702381,3.56703552487
0.168317841031,3.8641299949
0.163613287982,4.07943061783
0.167255743945,4.14763892353
0.156786745283,4.24342809772
0.173763195021,3.65409399005
0.854896647059,3.523922553
1.85597703368,4.44400562951
2.12264411917,4.66102928644
2.23519403321,4.26718294386
2.30039961915,3.91536013376
2.33523521842,4.24159468724
2.32523410941,4.57644529264
2.23074937008,4.04736610445
2.09041888067,3.32772180783
1.18305826667,4.63396954524
0.234950704663,3.71546432573
0.213399257143,4.11298320441
0.192336814815,6.00856834577
0.16030409292,3.93327307436
0.127552108656,3.31181972239
0.11820442637,3.07900109914
0.144021280624,4.0066970721
0.122090857461,4.00670191865
0.128445280702,5.41970671898
0.112886694387,5.85392316263
0.117136523077,5.08348767738
0.106454305913,4.52442733334
0.102856822785,4.55457719269
0.101792812859,3.94276407697
0.155540427553,7.41505663524
0.140741830403,3.62642239227
2.00384103261,5.04690852845
2.04528277897,3.79951472744
2.12005804878,9.56335193899
0.629325968379,6.79565077137
2.07040933747,6.01976045393
2.02088704134,4.17097187654
0.179015044586,4.40641598353
0.113783281787,4.84004919229
0.092098902148,4.84018068626
0.10860902214,5.17718329371
0.137686361474,4.10420292407
0.148685898123,3.21232258338
0.139254615964,2.71005286851
0.201524836296,3.36706288916
0.247714877589,3.38612557598
0.301845903614,3.61196776831
0.302436351759,3.6086869425
0.271970759013,3.41096591203
0.250407867575,3.503885127
0.24805320074,3.32749126964
0.449782261905,5.86159862634
0.154614679612,3.49221187689
0.135854056967,2.76734939571
0.116507193911,2.38103727819
0.113104020228,2.27442006952
0.136194967825,2.31521455305
0.150845327511,2.61683187524
0.177265327988,2.62281948412
0.231613313356,3.0797463135
0.256680943089,2.92533367392
0.284717688525,2.94891825106
0.845858551587,3.56988769732
2.08703942431,3.8372445853
2.15580704202,3.02414625299
2.15535258833,2.95747375204
2.1304372425,2.91706948931
2.08556982898,3.23925722256
2.04549346278,3.87853924895
1.93541386667,4.30493413154
1.33659180198,3.56312120385
0.893170087951,3.16483542476
0.694499495128,3.18708415343
0.65726809439,3.2049803852
0.700565815603,3.64636617119
0.689346289308,3.77302702054
0.673679298246,3.71227680263
0.573065291214,3.55311956129
0.556627245681,3.45340443582
0.512474227405,3.49474656175
0.469931513983,3.46978966405
0.458648454288,3.39036934676
0.567103407821,3.34637870459
0.910905378715,3.45100038066
1.65439306338,4.10712446312
2.09889222922,4.53268695851
2.14999890973,4.2191533141
2.12262241297,4.31371374144
2.0514190172,4.41940623486
1.5218725132,3.80025338853
0.772896402696,3.03035427066
0.63899209607,3.14355385839
0.513008355206,3.14871038657
0.463843061404,3.1560798509
0.431347028922,3.15292836156
0.444610159433,3.18712417132
0.41321079242,3.10009758629
0.352707059801,2.98738032441
0.372741602399,3.08183359175
0.895505526316,4.30546012966
1.94283002825,5.0817667328
1.69970324155,4.50117116663
1.13913793137,3.5277582602
0.734602650086,3.0839857068
0.486962670157,3.14050349342
0.440029909829,3.2439611778
0.382634189308,3.15397945664
0.347846903114,3.11372752022
0.292321407035,3.01152173687
0.289837270451,3.00273232979
0.256028857143,3.02254566443
0.202108957428,3.12588645493
0.203518860759,3.25428080049
0.190082836096,3.31251793365
0.199118824682,3.52392090915
0.253767726788,3.83825600683
0.287486531987,4.03564892098
0.315429788183,4.00829954814
0.31901935412,4.00551129798
0.401487173469,3.67157672498
0.590905443669,3.58862725915
1.87854746269,5.13775377652
2.01521406758,4.50239157452
1.64758154273,3.99407453309
1.02572952551,3.22193062725
0.667050961199,3.17342035776
0.502104310662,3.30736417
0.451118976959,3.31747457344
0.407153433243,3.26781784896
0.490504646154,3.68758561646
0.519372962963,3.80583034888
0.475919959759,3.61526482177
0.4050432393,3.49831869491
0.386120331707,3.5079920696
0.359375342334,3.46946486995
0.351017404943,3.42054323907
0.320600680581,3.2653344196
0.286076802974,3.34488613257
0.263336968912,3.10793233315
0.238759214114,2.88568931471
0.278356880878,2.81874622391
1.9391419685,5.76228104356
2.02983331536,3.23345470404
2.01886154378,4.1467716681
0.69147259901,4.354832322
0.146776004843,2.73604623437
0.166048439108,3.07189263131
0.179986111987,2.83515907565
0.209409737303,3.14825875888
0.217123675676,3.24113516931
0.328816923688,2.85914886745
1.18811285861,3.68245064435
1.90725222623,4.33137350575
2.07302091611,3.97231642535
2.14668266593,3.98050398877
2.19808973655,3.94763566519
2.24734981562,3.90265165958
2.20102181382,3.4532079807
2.15643515284,3.14212189342
2.09264886894,3.22872709942
2.01093908696,5.01829595729
0.426598192182,2.93036909647
0.203042273948,3.22103087041
0.190304204004,3.42934651785
0.187326319082,3.70045199172
0.167180078057,3.1213565426
0.192282176128,2.61897192037
0.198065746606,2.3267601167
0.260342700229,2.74540172344
0.257035654952,2.87256114999
0.284150181347,3.10732891049
0.230114673046,2.86933403633
0.24372942953,3.01808906465
0.248522542808,3.07966285698
0.540697650177,3.17750195776
0.794541786408,3.49343979178
1.09296915691,4.21129400536
1.56101372742,5.55115573118
1.94558331522,6.44642473831
2.02092452888,3.64576382462
2.03620965385,3.45849982168
2.02577104094,4.19985524249
1.3579922093,5.64727935132
0.196751265597,3.20618221153
0.173781601562,3.51008404199
0.180659451777,3.65416983314
0.175584754274,3.8429461989
0.165890105079,3.14663007859
0.163979728784,3.14768095238
0.148368362218,3.11805146047
0.166519280984,3.40318444508
0.178366929423,3.29364390038
0.180378179669,2.83565880895
0.211960472915,3.09169509387
0.255628860862,2.9285287177
0.267626030278,3.02666029105
0.255215285714,3.02230143694
0.249584036301,3.10914410885
0.336808849338,2.9771113795
0.802204661191,3.69469386696
1.85828731392,5.75717209542
2.02967822642,3.39514373349
2.10951176309,3.29948903783
2.14074820933,4.53603259573
2.09695328125,3.74855884805
2.03382559378,2.88150412856
0.352843203125,2.94505921105
0.197873172086,2.85433693731
0.177376987741,3.12174233153
0.188164026846,3.45099475855
0.188199531532,3.23858609925
0.173494265949,2.76503977304
0.252055692921,3.58620755511
0.565736384929,3.66422774588
0.634137824311,3.67607611196
0.564032754368,3.69768551527
0.449972148676,3.66287954977
0.402730583501,3.61872925844
0.384555234082,3.36998890718
0.398274529148,3.22660085591
0.558874349376,3.20579963281
0.836517670182,3.44961554546
1.64943384824,4.67538569051
1.97098188953,5.21933465646
2.04507713682,3.03911302553
2.04869197605,2.6940734721
2.03603532618,2.97012559154
2.00873449768,5.39478603142
0.270329334457,3.02867983645
0.186400117117,3.23861861224
0.182993582589,3.78314358088
0.218504280374,3.3319061093
0.268338423237,2.98498276031
0.327048241546,3.47455971492
0.369299979466,3.68868564555
0.313733450342,3.08173803511
0.312516273234,3.34226008943
0.303444995243,3.42271480421
0.266401803119,3.50418434804
0.253961691843,3.62269559946
0.240871943635,3.49783252303
0.22003153211,3.29960164458
0.21442004686,3.37286361396
0.214095028195,3.38132369803
0.200053327386,3.20837276378
0.298457460123,4.14819198196
0.474490586354,3.835949251
0.536679411765,3.71326699195
0.622527652081,3.84077742622
0.609375074468,3.82859437436
0.543768266254,3.71280905673
0.627703897485,3.47908871012
0.966479698398,3.39199030561
1.60166683351,3.84484917129
2.01483972087,4.36145149174
2.12344709677,4.45947737974
2.18056712329,4.10477091255
2.24047601901,3.79958227448
2.18671145342,4.37501064995
0.723298931001,3.49527580325
0.422220311203,3.7314125599
0.373351171459,3.83290152203
0.3174845158,3.66663266198
0.282925364964,3.28109751484
0.282167537563,3.00318357548
0.348267263986,3.14613593034
0.462610708372,3.30984624464
0.560233448959,3.56710793335
0.582110813253,3.60995368897
0.614129262213,3.58861980879
0.70397974359,3.54496166924
0.76039253116,3.44974317535
1.0170257696,3.48392576063
1.65606212528,4.02001000743
2.05279692201,5.00942633278
2.11752173673,3.97600699595
2.1526034588,3.66000290427
2.18448508065,3.62723152855
2.16719972056,3.58752824663
2.11149314741,3.5834479161
2.06841582822,4.41330541701
1.03596440583,4.03467736483
0.354738608787,3.75310877443
0.298564157303,3.67453931638
0.259215215215,3.5998611834
0.243283518987,4.41732023925
0.194489673004,2.7366202199
0.192747074236,2.61873718988
0.190135047619,2.85547114619
0.174094955609,2.90167839463
0.158268820663,3.50509689781
0.138795582751,4.0773888962
0.136153409091,3.92323075359
0.149752207254,3.69039224628
0.160699137931,3.64496087356
0.16398731849,3.48266957174
0.153877166963,3.19325220836
0.30292977591,3.35775652978
0.766964947526,5.17639127875
1.9975058349,5.99042811441
2.01024285064,3.27494422667
2.00270427565,3.61509546346
0.813405281207,4.78682909304
0.150616017699,2.89163675184
0.139292478632,3.41653756066
0.142129280576,4.04478408048
0.13970954495,3.79967351406
0.134789839858,3.9926874407
0.114884082519,3.86671394637
0.0935825849858,2.54879031251
0.0874918302018,2.5039613031
0.086850085796,3.42793385096
0.101837661406,4.76525194469
0.0979608674304,5.03352323851
0.122996989796,5.08094721814
0.107230111111,5.38353887108
0.128961469622,2.95251524816
0.212026011687,2.62827480743
0.366549583655,2.77333934904
1.35800293893,4.57880145532
2.0294875871,4.6431042903
2.05617678926,3.57588761203
2.04688185393,3.36924865221
2.05293539423,3.46042763497
2.04703624872,3.69824661871
2.00463676243,3.97725511486
1.17153969903,3.49404136904
0.563060881633,2.93569185081
0.515709740709,3.10905133405
0.444312053571,3.21281409322
0.467894775701,3.36210599675
0.471395439771,3.44070287893
0.485838319635,3.28573656969
0.446228501873,3.36844101613
0.416777079395,3.39934227168
0.391999538905,3.45544585093
0.377157495164,3.4807307082
0.348599386617,3.34401289758
0.360026714671,3.23794833221
0.42044177626,3.07357180402
0.534881313808,3.00953325963
0.670485592334,3.13413298575
1.05971004921,3.53927283942
1.03856065672,3.5790581705
1.11645393782,3.72929819124
0.980574417062,3.40483194818
0.681174741667,2.9986742685
0.558787491694,2.98872374496
0.35846161882,2.86936713523
0.297593097134,2.86362103982
0.272449165998,2.88650856066
0.257717449456,2.79891715739
0.393954751174,3.31896530486
0.48157870682,3.18762520354
0.530317096189,3.26364356838
0.577101368421,3.44435546731
0.543120170616,3.40917592827
0.550727964775,3.51958546856
0.570058870334,3.53277305342
0.759122816456,3.79471401139
0.608305469832,3.55756953212
0.737820791434,3.34957589752
1.21549286294,3.61567923153
1.80645335274,4.19030536025
1.97823982211,4.57225968372
1.96425770202,4.50293290971
1.91065190876,4.31374414599
1.76977135613,4.20082311574
1.43860160169,3.79246139072
0.702278584825,3.06789598084
0.519255487094,2.99408136114
0.353675780201,3.01711544481
0.297487827836,2.89379253531
0.262832707137,2.95034157421
0.390735399423,3.46375896124
0.522542907662,3.53308691159
0.53398667003,3.63187142483
0.547602707293,3.59188694915
0.527413073892,3.54542607065
0.493256980429,3.35129734385
0.464417458803,3.11899882975
0.482892731164,3.08129762807
0.55100537037,3.02909838982
0.706256551724,3.10207725182
1.32712899497,3.61617338209
1.84054145608,4.24946418191
1.44610978881,3.79417273206
1.41529942308,3.64020687845
0.897296176736,3.244732143
0.732746799637,3.25907477204
0.632819769299,3.19278341674
0.628702283019,3.39140895801
0.606056660269,3.45052157835
0.571645874263,3.53583433293
0.562092557673,3.60916953798
0.604818167939,3.92481091041
0.557663244353,3.69383526661
0.687076589769,3.60986689157
0.84790403782,3.99995899052
0.891538261851,4.06004922475
0.848633726363,4.00157516929
0.750536328452,3.7634670275
0.749918364718,3.56656042434
0.74171913371,3.38543811498
0.79832459434,3.39317830255
0.893600311909,3.40174247037
1.12949578685,3.58454036975
1.18222979808,3.45998331459
0.973474777365,3.33801773942
0.676218443223,3.29501746578
0.580461091082,3.41417919196
0.526616157451,3.3722247696
0.41255751604,3.29847709587
0.334693861646,3.15047175945
0.318375754386,3.15512964962
0.302759535284,3.09534440287
0.265438435981,2.91615313902
0.26125518755,2.87129203986
0.249988810264,2.79793123044
0.225684003033,2.72844484652
0.194267062193,2.94234726579
0.188646056559,2.8252350572
0.247729372549,2.82207147627
0.315798287154,3.0221357003
0.374768278481,3.0373332859
0.629980735043,3.0757889524
1.01220585341,3.61260022775
1.48822907818,4.0840260158
1.18735529412,3.81345543687
0.493229540034,3.06559018383
0.338245329392,3.03851374373
0.304511256367,3.0540082427
0.291314700927,3.02932512363
0.269942802013,3.01840376889
0.257088997451,3.05768323839
0.245716740614,3.06899150849
0.249880649123,3.15692989271
0.223661931438,3.00654691385
0.207384719008,2.97225641489
0.19710222031,3.09715511736
1.99399116708,4.03996282353
1.90142483916,4.83734674994
0.361880054222,2.78755005448
0.25248305578,2.90855117839
0.222944051322,2.79697727387
0.193289755539,2.74975738602
0.170589772549,2.82177357875
0.158200820046,2.73245362517
0.145439647059,2.64665362773
0.147521653666,2.80001917514
0.128225041667,2.99523943279
0.110829035656,2.91624438309
0.106783865147,3.41665548089
0.0957581543922,3.18551482595
0.08671109375,3.12246244215
0.0829051462622,3.89505454701
0.0993643323727,3.45647505411
0.174767708333,3.94309462362
0.222136434868,3.51838525091
0.557099941917,3.48211613643
2.02626606513,4.79703287457
2.1188946932,2.9823882359
2.17405010919,3.27275729367
2.08658344064,3.62003710327
1.6831898855,4.49736594194
0.463789379982,3.1879279214
0.333072331512,3.27455202466
0.287407594123,3.30228574861
0.249270305029,2.96443768667
0.239778154952,2.87464696302
0.226814752768,2.65440196069
0.249928448919,2.68292927966
0.362616649396,3.1062795873
0.431598150808,3.23046618879
0.47083325433,3.27761628077
0.43797460877,3.09489000023
0.426975373264,3.12435360226
0.411797234219,2.98737783171
0.412472279534,2.99340853393
0.429018741319,3.12330335132
0.56195217693,3.12073188695
1.16516636269,3.72231130099
2.0043118414,4.78543150153
2.04682261658,4.65852046216
2.0518620797,4.47624947606
2.0324095739,4.79282246885
1.18622609071,3.85355500588
0.347070585774,3.01056950335
0.292029934211,2.95793195703
0.285143791946,3.01885433798
0.2917145637,3.14036059373
0.275540671573,3.30988900821
0.250620902318,2.97830942413
1.73580518141,4.07789051719
2.19394182863,3.75476817943
1.85019641364,3.95875652502
0.849016510601,3.17840405005
0.568698474738,3.42797510357
0.469344832856,3.43549771667
0.45506631068,3.49211179495
0.368932488729,3.2443075972
0.337428287154,3.02186438409
0.305019290043,3.11453943891
0.266929711286,3.14668101723
0.280975131467,3.04991963045
0.32545353441,3.05803801064
0.405138914931,3.12342858487
0.376822240944,3.03159469589
0.398404241908,3.0633143751
0.4922803314,2.98158556255
0.93251687037,3.33224844954
1.77882710928,4.22547485491
2.07900576151,4.24658112974
2.16848200599,3.58809582376
2.23054261838,3.34151181005
2.29062379376,3.40275004782
2.26653008507,3.3985917153
2.14192181352,3.68321819669
1.53788664653,3.61913658022
0.618318149466,3.20059835808
0.508038914443,3.3099142243
0.465633228656,3.53071775321
0.404891050096,3.46511367782
0.372012590822,3.43959278063
0.457959683544,3.25364139078
0.489415734201,3.34371511753
0.46243027933,3.34971158679
0.531440902913,3.49368854733
0.540823062382,3.40009705852
0.537784315992,3.46562562621
0.53096853167,3.45306422794
0.619869953315,3.36025515979
0.697459217311,3.31295930146
1.13457948643,3.48419627623
1.30932057449,3.49520188685
1.67899294926,3.80392115604
0.557170497881,3.81187817146
0.418041618037,3.18086388507
0.444601929026,3.27479011587
0.461583760603,3.38763247422
0.572752687225,3.96387547978
0.735074913151,4.46221375855
0.886333795111,4.18917458224
0.943141294537,4.27040600026
0.910019261822,4.14741363932
0.901499281576,4.16846885925
0.882092022099,3.97529727394
0.865859935691,3.85558974878
1.43032807613,3.70010739751
2.07951359618,4.26205978613
2.23587631937,4.07505196766
2.27289490153,3.93685078999
2.27587208568,4.05664521763
2.20182042056,4.20015818138
1.91888094402,3.94822954555
1.11990462874,3.47059565222
0.826907131063,3.71231852228
0.762757058824,4.31536955795
0.57671384778,3.80276203482
0.566157055276,3.61566956392
0.505243382209,3.51416189039
0.574840829069,3.6809461022
0.613268182773,3.78067976515
0.73835600882,3.96441981804
0.851988327566,4.14703605845
0.864512767857,4.01554150669
1.10121127109,4.0471937412
1.30318321625,3.94772948836
1.45965692818,3.97466361738
1.73272622933,3.94799223699
1.98667848769,4.21254571222
2.23390949878,4.39703977411
2.31211896991,4.16296102707
2.34573746528,4.16405906955
2.29640849057,3.99470296109
2.18487630536,4.19506182614
1.83275109111,4.00653572155
0.976133638077,3.38888967853
0.679246034137,3.61329831931
0.950702358974,3.68375180223
1.44960797826,3.91065974374
1.63326,3.71636416442
1.72844192731,3.96374258831
1.96987621005,4.10196089638
2.07131753505,4.20421679762
1.86679175896,3.86805912832
1.25254321937,3.41635957575
0.916185432099,3.41824064535
0.743560890891,3.60185287902
0.70189556314,4.09427848436
0.700287673611,4.16313362831
0.807028538874,4.82168908719
0.93764994898,4.58734668476
0.94273649815,4.43396989455
0.992101166033,4.55725126495
0.982551463897,3.55868387478
0.949682913907,3.403937618
0.937367280453,3.39714020885
1.12099389847,3.44718202855
1.23822391813,3.50738548963
1.06707601687,3.36902157651
0.837805322723,3.17992540598
0.628540528634,3.17071922142
0.492548726953,3.15769407913
0.418310664366,3.10519876117
0.391030767219,3.13626824268
0.392722070447,3.0913419817
0.443657484822,3.12146620689
0.57133060207,3.38436869349
0.65155006237,3.73963244078
0.749799858388,3.91483793601
0.770220862069,3.87528253385
0.747846346154,3.63898326214
0.887829565217,3.5563826629
1.15363371808,3.676228537
1.21383605839,3.75094763048
1.24302852273,3.71314311195
1.02388109328,3.60806792075
0.913797038582,3.75067846302
1.06278464995,3.75877834848
1.08870565306,3.66948946637
1.10367250749,3.59528496413
1.02011265885,3.51801880241
0.828492470703,3.5115940255
0.781436224589,3.48177826148
0.742130250241,3.461127329
0.669699327485,3.5054568969
0.545224143541,3.44286209398
0.493564100186,3.33624065361
0.473391166208,3.30395487784
0.46822068654,3.24996954
0.524047879359,3.39049607225
0.555071481132,3.39452054692
0.555857830189,3.39533519158
0.657158783019,3.39542870696
0.848367612225,3.43376366701
0.851130482955,3.40687824445
0.984845280464,3.47996852063
0.907962995215,3.44075381971
0.71989292471,3.47297564909
0.640222549575,3.3975910259
0.602767004566,3.2865766603
0.554203953695,3.20361407639
0.535066414591,3.2012208094
0.516876212654,3.16293905124
0.45884890785,3.07023648205
0.399414643449,2.98451519162
0.381708814391,2.94089078047
0.477838154506,3.08719932162
0.546376832845,3.51635860281
0.45160604717,3.39411648172
0.374380184049,3.15228077189
0.356585138408,3.11315955971
0.348750689046,3.17878203091
0.402842625746,3.06677123212
0.698004025862,3.10218594111
1.44192954927,3.76651555404
1.88534343921,3.94123574707
1.98969412114,4.26408473649
2.14062722628,4.3775514934
2.14503223684,4.29938061816
1.90486872093,4.1788757495
1.66394701717,3.82182056071
1.08412226728,3.31468765314
0.774511419355,3.31584313809
0.665414336199,3.43538285544
0.544103608341,3.25971748643
0.494252152589,3.26774021894
0.442555526316,3.26614690557
0.419534359431,3.20057275065
0.359319799833,3.0011039687
0.456226146633,3.06650827122
0.557431432361,3.18229867329
0.59084446729,3.36150550379
0.831537381643,3.47380214319
1.05558316872,3.70288765573
1.56607748908,3.88052857556
1.94645300358,4.28766978556
2.09289940968,4.2459186764
2.09193836905,4.28498247823
2.10523861078,4.31062798629
2.07330389952,4.29891140854
1.97433523077,4.21877150077
1.38861448743,3.47991094876
1.22770949486,3.36268714194
0.900488579285,3.29839747753
0.801122242479,3.27905917865
0.720931045198,3.3881815381
0.722409310689,3.59427420358
0.700370788934,3.68780967398
0.636865930348,3.57885624928
0.618680060241,3.61229910074
0.672068297655,3.66651964157
0.775358639745,3.82082841802
1.72760153197,4.3399641906
2.09678306265,4.16279419977
2.06997575758,4.18626458509
2.05971236193,4.22546279152
1.8428829813,3.95744886213
1.43868573674,3.53557603384
1.17773264259,3.41987976924
0.951603620863,3.61032239484
0.733243293532,3.58114607901
0.715364171123,3.84898137122
0.629084728205,3.69039306221
0.583064872579,3.66874585453
0.553714175824,3.59374367175
0.512603197211,3.5849040144
0.544587564612,3.57655254468
0.487386009804,3.52667759876
0.437439990157,3.53924604707
0.452664648437,3.51093296167
0.522840307845,3.57379005514
0.899367846751,3.48356133818
1.62521869324,3.9855895692
1.99464474074,4.44360912353
2.09435442822,4.37506280542
2.1378412691,4.22963902108
2.1415731411,4.41451423876
2.0644751773,4.25276261434
1.60817540795,3.76126873481
1.3019980396,3.56229579554
0.843459317972,3.31596758226
0.644640076118,3.42405631314
0.547470049213,3.53862827477
0.520599325277,3.62422620193
0.461355298143,3.51854625576
0.444374570048,3.47385955463
0.411074294931,3.31591506486
0.404991060071,3.17850317607
0.36268391844,3.18858721666
0.338831775093,3.3432586835
0.342787247619,3.42530670617
0.321469446529,3.37627543146
0.386882334711,3.71477280494
0.521800498915,3.90180145081
0.699538227723,3.56162275385
0.930395350701,3.6055357578
1.07632302083,3.74938077989
1.51641441887,4.04146216343
1.78133669951,4.36263918345
1.69920523297,4.17090368524
1.13928621648,3.41783754219
0.521747023908,2.96491148367
0.4227038865,3.09405853985
0.37968727667,3.12064637088
0.374558281818,3.26985128368
0.372864889478,3.18086774551
0.376137905103,3.22177014583
0.463132419206,3.31933705432
0.470260277512,3.44334693803
0.459758145009,3.38729742946
0.396609092628,3.39890897931
0.378516039409,3.5433583563
0.399653111528,3.37208063464
0.542230246679,3.41403951817
0.907342692693,3.60232738397
1.33641785714,3.7742519425
1.64808734694,4.04283409694
1.74337509592,4.14084450165
2.03679120956,5.06101928015
2.09790719231,4.61138222405
2.04652109987,4.54722185381
1.75994496575,4.06883829393
0.993324208103,3.31351487324
0.670879304912,3.33223618424
0.517698324873,3.65104266936
0.513358818088,3.69681688324
0.48255836887,3.83263905328
0.417600176644,3.53062236337
0.372756253717,3.566842888
0.32010355157,3.22650855713
0.365310045331,3.2614083623
0.408914371482,3.37585851848
0.467119682997,3.45701475023
0.533051693227,3.58400412492
0.608937998047,3.5124537659
0.731930697455,3.39103586363
1.12517709459,3.47315521069
1.63275670068,4.04492705984
1.91016727166,4.21231014247
2.0555835732,4.46566936597
2.12107356608,4.48751825864
2.19297271208,4.62569101504
2.16502801034,4.6495976619
2.1405282638,4.83557624296
2.02955806011,4.91448543011
0.957228728383,3.66046176795
0.435295684431,3.75858777942
0.362014584648,3.7836541207
0.328416477516,3.85381980207
0.274251839671,3.69894245685
0.248480967423,3.5521169426
0.252125237288,3.04778704221
0.328882418478,3.25854479897
0.380521191191,3.59795233726
0.335901322242,3.1513450114
0.648372171717,4.74719119078
0.234012813975,3.3988593018
0.226304542802,3.49714353752
0.215590491642,3.53504772668
0.283200959024,3.13542237565
0.331638018349,3.29786444893
0.343991329588,3.36644705293
0.355508217822,3.5604721797
0.37744336475,3.3921732325
0.358584580584,3.39143903812
0.351990728291,3.35680983611
0.33796792196,3.26591723002
0.29119382245,2.64029896676
0.539169680207,3.10721045971
0.668262423313,3.67383754318
0.641306479017,3.67257435797
0.295173053161,2.58529753803
0.1825514377,2.87016377083
0.172524282073,3.0568469623
0.168869353493,3.74752810653
0.154472235401,3.28351495444
0.143597851003,3.43787835901
0.12264015233,3.22524341068
0.110603775168,3.01710732128
0.117716617211,3.55895290739
0.129763767343,3.7581682881
0.129056405473,4.47331024804
0.128778287154,4.52526122804
0.108964482402,3.72593365907
0.119700420521,3.0236945096
0.423317413442,3.6645535773
0.78459547379,3.62457929435
0.894505792622,3.58743656142
0.741394493783,3.19339064439
0.809011005435,3.26038816539
0.700015954664,3.1379749555
1.65870398268,5.04008182398
2.01245611189,4.98871142493
1.9838115843,5.23030798947
1.24848110041,4.86022146167
0.258261629794,2.65370143111
0.211566872394,3.00197641981
0.201096431642,3.09172156338
0.214830449331,3.4377577162
0.220661879195,3.44800620651
0.206424553377,3.91770313952
0.165860652574,3.30524584894
0.162479227099,3.43433961323
0.170347222731,3.29835147273
0.194412640264,2.96788107203
0.271534668902,3.01634923713
0.657293246637,3.2280462981
1.35810098592,3.86551815688
1.82561848668,4.35762926794
1.79377240223,3.98334931029
1.47915066381,3.85319438152
1.07713434334,3.37527292708
1.26726360287,3.65023040684
1.18069994914,3.66025034775
0.997120968992,3.48406689068
0.753472632576,3.40770230607
0.485872075134,3.21923753965
0.311023561254,3.41645526712
0.224292885974,3.6306880534
0.202083036707,4.00304159665
0.19642282325,4.26914564592
0.185220909091,4.30324249887
0.149497440347,3.89175914189
0.127383952033,3.75053663746
0.11143243141,3.4042719821
0.110282831541,4.3002288726
0.102326812227,4.87260776065
0.105195812325,4.92383873982
0.0997541594828,3.82978060489
0.0928762269129,3.16374489179
0.0928813013699,2.73913829243
0.1036133867,2.21598170713
0.125169252982,2.25857563007
0.136351636598,2.31800933532
0.168816605762,2.52868099604
0.258349806202,2.78844058871
0.315782839707,2.92850086087
0.281250460683,2.85847762004
0.328078992689,2.92274965041
0.406532270364,3.11895921934
0.371743884298,2.97397685046
0.217093513753,3.1907282633
0.207124900662,3.40262130492
0.18005808978,3.43398889812
0.168768993415,3.38310890089
0.172798391699,4.59315643926
0.125688866397,2.91231718088
0.118040058382,3.00031436833
0.129867377358,3.39487527909
0.122243426573,3.13993187701
0.116093544878,3.26113108605
0.115043459801,3.24922406469
0.112718350785,3.13870860087
0.118401051188,3.28870845254
0.119038127896,3.33368104963
0.113446540999,3.39145048649
0.126018826923,3.4595312538
0.133230864322,3.61426131346
0.166767101981,2.64005322408
0.198515392287,2.39136022413
0.206729533608,2.4676167702
0.198311549006,2.46688927425
0.184623659016,2.35956393422
0.173428271093,2.48909128789
0.169239984721,2.74933583636
0.166719179104,2.68609308348
0.182843504625,3.6931727099
0.134673504532,2.71825992064
0.121415606391,2.61354621647
0.115016424073,2.51778451094
0.128575785805,2.27988826039
0.165305236318,2.23833591378
0.235002244475,2.48439964502
0.388395114943,2.58320803093
1.41253359057,3.77264310418
1.92331435035,4.13733431843
1.913829,3.99733763136
1.63511744235,3.72914659346
1.34360350151,3.63159302783
0.880121062106,3.23804110023
0.437908357203,3.03064276015
0.346590939227,2.84017129367
0.30967913454,2.83144359905
0.264456144131,2.67314822853
0.257363874269,2.63025192374
0.243416225876,2.57191380868
0.226772357143,2.56991473077
0.218240832745,2.53941449255
0.206348723835,2.42762876487
0.221371808376,2.28217139388
0.239284051047,2.35279599066
0.280657590444,2.45567491302
0.328285592055,2.74907696176
0.389820602205,3.05189518575
0.35688147541,3.10461237273
0.308105633803,3.1658107955
0.300768009631,2.88676523251
0.520326883117,2.74866567575
0.952793291139,3.24894877652
0.923763998203,3.2340419379
0.726609652893,2.97056699379
0.458065172156,2.693924231
0.391574904361,2.75346633124
0.392695427252,2.76643464827
0.385031073132,2.86033212554
0.372110430966,2.87115079866
0.380482790698,2.88484057867
0.443965397631,3.04514715927
0.439072985822,3.00184604084
0.411413132832,3.00363074293
0.365733998344,2.97713775747
0.332778071895,2.93919567333
0.265836100775,2.78792017914
0.244241936219,2.73103350766
0.232652640187,2.8031914579
0.262171043603,2.57036249601
0.421905962294,2.82617623826
0.409642937898,2.86447288519
0.652494152192,2.97532373438
1.0083533619,3.42635031517
1.99511079408,4.8437953168
2.03656991525,4.3460792389
1.96036016304,4.78444540051
0.887805743119,3.29978821707
0.363358414133,2.95558532568
0.332694252598,2.87572981379
0.340795117005,2.80627046274
0.363216432161,3.01417489923
0.404379515599,2.95356698344
0.377471771523,2.97884818167
0.393945946385,2.92108689996
0.356420129765,2.91899612032
0.325862099268,2.92601391059
0.310270120482,2.88837060705
0.305922933673,3.05961115001
0.273550057756,2.96879660897
0.255998248687,3.14915871478
0.311936140483,2.7170743359
0.420050914063,2.81111477579
0.726116606852,2.93489085423
0.864746019417,3.17229107547
1.33655767708,3.74571166271
1.82085485714,4.231908351
1.62032383981,4.18888619646
0.872812488479,3.31678398029
0.587499132856,2.86296255373
0.526707797571,2.91380807137
0.428398502165,3.11429111251
0.416000682005,2.95661288899
0.423476343993,3.10542433879
0.406106456483,3.19336930873
0.344924037674,2.94658682485
0.437898871627,2.94310457595
0.446418958503,2.92717946547
0.388743360324,2.91337098172
0.344772229299,2.86558234616
0.296177652812,2.93224745394
0.279729403595,2.94067420604
0.337010569498,3.47271466619
0.327290428832,3.28286174918
0.302464818512,3.26471031335
0.271019474153,3.20652263843
0.253376901536,3.25134519752
0.276642388316,3.08906700591
1.03454218593,4.38817564281
2.04567286976,3.97056913428
2.0930412036,4.04659847328
1.97634957796,4.21916563443
1.56001155729,4.00128338468
0.925237831901,3.4367355315
0.590783954338,3.2844203397
0.403061035747,3.29813622177
0.374094582011,3.80336415413
0.333827765018,3.17778479979
0.313186850594,3.05422966334
0.284130834739,3.03321578845
0.250136225831,2.78308802452
0.249002102874,2.72223813648
0.242228544352,2.72836149181
0.205552677396,2.63144954093
0.199575396127,3.12373456215
0.18062724482,2.76025145475
0.17311974026,2.74832129485
0.214483862126,2.98821422999
0.185101348409,3.01347133271
0.201251092851,2.9566077761
0.198194051724,2.8191133297
0.977255751566,3.52509085598
1.93026935733,4.6091109555
2.01591086035,4.48489570072
1.78105844473,4.47021149137
1.26950944266,3.81567917225
1.0200412611,3.19662674267
0.894111057778,3.19942166053
0.537346940154,3.47335652544
0.482610216369,3.38548262215
0.435962865169,3.36643607591
0.384870251082,3.11540036456
0.331510790104,2.87268526548
0.331623624108,2.85358831229
0.330542981651,2.75016623048
0.312141386973,2.75792485769
0.317210401949,4.32008707225
0.238676207185,3.00597682209
0.236595718419,3.46673678488
0.215474605263,3.15615487051
0.320413599386,2.76173564812
0.681987707317,3.50550761076
1.25356855623,5.25617859616
1.82174845471,6.39336701397
1.82767488679,6.42918626549
1.93816881092,6.47930500452
2.01571621087,5.85323548838
2.0043593686,6.07497665846
2.01345142458,5.01737877592
1.822808704,5.4399099873
0.388320501002,3.60465524349
0.311556479514,2.7264820507
0.385547864798,2.96412889187
0.48680509434,3.39238749209
0.473612727273,3.47767648955
0.410621444241,3.28825556831
0.381099285106,3.0602204178
0.394204746503,3.14578513
0.355886793169,3.41293348992
0.314411039198,3.28096207719
0.330644878993,3.48318082617
0.294263945128,3.40129971141
0.312170290456,3.73039272241
0.517331696113,3.98922388393
0.357183140638,3.10362777701
0.622230690691,3.60099361501
0.710706683468,3.62469886919
0.905756891758,3.57309268048
1.14004137688,3.61699012359
1.35583690816,3.64185415835
1.48543604911,3.96158107439
1.27683217119,3.71882707161
1.25196293432,3.81143229728
1.68754833552,4.66634979207
2.0383282732,4.59529545337
2.06426703947,3.38046727675
2.08583870618,3.00314037235
2.06154408416,2.96807099502
2.02300058989,4.91138750985
0.393272827832,3.2091346434
0.240928168168,3.56254691953
0.230591631206,3.63969178915
0.228535005574,4.01037445401
0.214742800397,3.57400359785
0.199011652968,3.28581785793
0.176547046581,3.5643339285
0.177216617021,3.77793156885
0.195596521739,3.89630546837
0.312795903084,3.96399832682
0.345816045259,3.87277993429
0.542089471585,3.58716437035
0.9203075428,3.62298516249
1.25040313514,3.89001569109
1.60704086902,4.39927984733
1.48024011719,4.41523670962
1.17532868699,4.17597295963
1.09758029148,4.02865074973
1.92753353553,5.83566280364
2.04772383158,3.78668287457
2.07376052863,3.1693952194
2.06721620102,3.06282695765
2.02646870712,4.5757258308
0.328979358974,3.29563395567
0.234184581818,3.2685769216
0.230714549356,3.08678262332
0.231740904131,2.80546662361
0.232916638591,2.75535736138
0.228731286713,2.51668414325
0.59955342803,5.50995537807
0.76710516129,3.31576995267
2.00671357052,4.52469548215
2.0354062117,3.34203270061
2.02091864634,4.34012917931
0.901968272808,3.18539005166
0.390633828484,2.75471473114
0.349553832669,2.86510029708
0.337093423423,2.94657615564
0.279104830308,2.83893292935
0.229667110531,3.13211010183
0.181930030441,2.73913525735
0.165982525597,3.07026703798
0.17184066918,3.38590772554
0.160270067492,3.90174941976
0.148515372208,4.3608751458
0.121687059437,3.74741201365
0.10781925641,3.07634073359
0.0975760147905,2.95704855071
0.094273629865,2.85882048404
0.0999057797357,3.17090419602
0.11096887574,2.6619703504
0.092376505305,2.38654541598
0.104052068543,2.20237949545
0.12030409204,2.23698450401
0.106617588235,2.35176082086
0.103809103165,2.10833387245
0.119403980986,2.13871950586
0.126948832753,2.08817508615
0.132194785479,2.90374304822
0.11287577269,2.94097647898
0.118200352265,2.5785808237
0.177274624473,3.03279422304
0.334126410871,2.87605255996
0.377788895301,2.9661663756
0.487079348757,3.08155036984
0.665878338055,3.39890315476
0.795399492537,3.57917439633
0.771658006073,3.64228904479
0.797966752381,3.42294466908
0.730214440367,3.30006361009
0.593080667244,3.11862469094
0.431470698653,3.02782055065
0.300466661143,2.98205807365
0.244999541206,3.05593604165
0.146910085337,2.78974266117
0.148814378931,2.82774542158
0.139972456693,2.83376877715
0.144753539823,3.18014780117
0.145855025694,3.69711237228
0.148339081908,3.23750218845
0.251667986799,5.78581037958
0.136321627172,2.84201167714
0.125865017065,3.07115865241
0.130090036969,3.3241219712
0.123086592878,3.46323696692
0.114552136249,3.02359532575
0.126668449096,3.42354504151
1.23460001548,5.22053234838
2.07811763158,3.94334176478
2.06024456,4.11071992423
1.95357665131,5.35702726324
0.787957884058,3.47544065377
0.371817453581,3.17758783541
0.383409445489,3.37972514702
0.386816300851,3.40434297115
0.363450045372,3.26622655369
0.290871097872,3.06318126386
0.296690481818,3.27113435097
0.268119034544,3.18696078438
0.260506971581,3.1941212493
0.233903503903,3.12095328008
0.209905793045,3.05099099759
0.210293815227,3.07790988423
0.182127409639,3.09619779502
0.155551575758,3.11566504194
0.145821206581,3.28989639675
0.12460194332,2.91370736412
0.138628236591,2.64353872061
0.182743222912,2.48368486165
0.513410472574,3.03656825976
1.38704226744,4.14638144252
1.74388742785,4.46771064001
1.71255009592,4.16291310208
1.1762229576,3.7202688524
0.798403255588,3.49392347901
0.426477106918,3.77301283083
0.405604590495,3.63766092765
0.390784019139,3.44285168764
0.369670037106,3.33732212007
0.345778260038,3.4384513067
0.33719775,3.33162800421
0.326873205699,3.20396825909
0.290112069565,3.12840661139
0.264351323155,3.05048798025
0.256412717489,3.22661011028
0.304014103853,3.01381073143
0.390802995595,3.16885590638
0.519011864407,3.38873897405
0.590022247082,3.50116348041
0.776546472946,3.60547942608
1.59364697959,4.73378767299
2.03704728972,5.59954277519
2.04314126359,4.88977824218
2.03934071059,4.64778073988
2.03359474104,4.77674981858
1.75405029052,5.40918459111
0.417505296026,2.91806378831
0.295528780488,3.09483721188
0.2910410623,2.87179600374
0.437333285953,3.00532362099
0.498331920354,3.18524029102
0.538159185727,3.29047014392
0.571700814394,3.40691643986
0.563837046332,3.47154008346
0.496062074074,3.33073801433
0.476222788921,3.43602955444
0.403239498141,3.34357137296
0.371869990548,3.39931698808
0.391440239726,3.07935508698
0.402777868988,2.98322980506
0.834363373494,3.09671971489
1.64143683158,3.74305233707
1.88834587302,4.14501965731
1.34523112994,3.94306582355
1.20506584967,3.91736064847
1.28470837541,3.94998072912
0.678986122995,3.20776410539
0.416221323529,3.11358429575
0.271852622407,2.98541489771
0.274652445887,3.8932188359
0.21220819567,2.88642101557
0.212262539185,2.81964880239
0.214404296117,2.9104608018
0.186169642263,2.99063171014
0.16850004,2.87595955045
0.174751069803,2.72784735231
0.178892449637,2.89895024999
0.212511184669,3.13420995064
0.208949033424,3.25047767895
0.191249093199,3.87200881053
0.154747373626,3.94862497604
0.143699309173,4.02928982397
0.15346013468,3.99974999219
0.153002519754,3.15693911774
0.169162796076,2.52047037748
0.200273755187,2.48876253659
0.676909832869,3.33918453476
1.78862474702,5.24826231387
1.10054904206,4.16516881242
0.625212593361,3.73190257941
0.479669130879,3.6777143666
0.449902641148,3.4426802015
0.377456138614,3.55839916775
0.367017164948,3.09164770553
0.382529659091,3.14501839709
0.364710499562,3.15257086205
0.353296280851,3.06191581874
0.300868948261,3.05121561159
0.265070387965,2.84974456212
0.270452610015,2.73076525122
0.283768812684,2.6537346909
0.30668726227,2.75937076937
0.269129457222,3.310997951
0.222444858156,3.19074959434
0.207033090211,3.45235526457
0.194266530973,3.1849676938
0.188961611066,2.92537079785
0.22865487234,2.55117080547
0.486352541806,3.00607646286
0.693522930328,3.65365960784
0.294654875731,2.62904193323
0.195514552957,2.47520865709
0.175944517544,2.62969348538
0.267189312715,2.47294575673
0.334722319508,2.76363238532
0.322310677201,2.70829513519
0.312192014274,2.85191576085
0.308655500849,3.05471989244
0.29887829288,2.91057623191
0.281810419304,2.84687665792
0.265877608183,2.83185004204
0.232135445391,2.78436059239
0.264198158756,2.94232700769
0.296544745909,3.09686158026
0.257575941278,3.10615176087
0.238227541626,3.51440366853
0.223819144008,3.62426692437
0.217623009212,3.68123806445
0.211153620352,3.51760255516
0.383955116487,3.22380781842
1.57318122973,4.7561205395
0.737526399303,3.13748029931
0.806773070796,3.18204918991
0.558570338437,2.89962182803
0.395834086429,2.72783058437
0.287913872699,2.75865112624
0.282311289256,2.97383085575
0.236749654008,3.03715445732
0.210172964564,3.11087633453
0.213485710744,2.97301552276
0.223899061708,3.04125153561
0.245003657556,2.89187157365
0.261427025118,2.82475707593
0.278146150662,2.97727494033
0.272673276119,2.68448928274
0.272366981627,3.14701059951
0.241880360206,3.08649229163
0.244731840592,2.95447990394
0.266603840304,2.73514286969
0.320031089838,2.64919248713
0.33979409621,2.62335154263
0.352891006613,2.64422520795
0.535169514487,2.81604889412
0.583145405405,3.03962129496
0.518286854545,3.27134187136
0.626055458801,3.36885382446
0.621514150418,3.34126271701
0.555594699612,3.48519949494
0.589980271055,3.48135427507
0.48071568113,3.63112425201
0.483252227874,3.65908042841
0.407792030612,3.67172875233
0.392653336756,3.69322974665
0.375417492417,3.63747717937
0.384355139896,3.72969083436
0.380909646107,3.63616792341
0.360820794224,3.24707329442
0.433179492481,3.38021953706
0.502815752896,3.47265718306
0.539185213082,3.56344153481
0.566371374408,3.41098629956
0.643981013953,3.34725022234
0.844263145756,3.31864388776
0.93532684832,3.26924328547
0.942372866795,3.47204313896
0.897463631179,3.42028429622
0.630869096601,3.21810391376
0.447434325069,3.30483948978
0.351871469194,3.40981710441
0.298042927083,3.74744102041
0.288751801242,3.72457271519
0.27546884652,3.42982695235
0.288506456984,3.32838180961
0.295214429907,3.36145048839
0.256876140511,3.28283055659
0.256057558466,3.36415125645
0.337588473728,3.001787232
0.490325309503,3.13333495459
0.428452456294,3.14457386594
0.338984288121,3.02944326372
0.358902927215,2.84722762583
0.484623002383,2.85868342061
0.410394353519,2.94523676337
0.337764667189,2.81801651737
0.317481606061,2.7265707551
0.730092643979,3.13952201765
0.619941109244,3.02314913073
0.384732789943,2.91914129601
0.351651958678,2.9738317022
0.302594492406,2.87705762558
0.290764937965,2.97624218471
0.248159403862,3.02185193234
0.25086352518,3.23605395435
0.248419495875,3.29846483301
0.230938117752,3.20907194674
0.208233598553,3.25390557092
0.191268444846,3.25211020682
0.196040480248,2.78652133323
0.281393919442,2.78721647417
0.430431811659,3.22616825619
0.528360517241,3.44454489766
0.637899785366,3.50489388966
0.840439592215,3.33422179674
1.21980566301,3.58857701758
1.51776059718,3.90814259141
1.46355590198,3.75293733551
1.11995330392,3.52665993494
0.988221856459,3.44150303863
0.770798494727,3.44589181194
0.679473137803,3.35064858608
0.631345218216,3.41401229372
0.764335907407,3.33124795553
0.690057209302,3.21792298186
0.658562270663,3.2692032302
0.608230063869,3.28143506695
0.479851006776,3.48427825241
0.422742595122,3.50982805955
0.384817361246,3.4994868819
0.352971905679,3.46381480054
0.333195018692,3.36332384861
0.327365518868,3.39541696759
0.367539577718,3.23362999487
0.427069137931,3.10139591538
0.557431402383,3.29720546554
0.70315721038,3.33552243265
0.859953717228,3.36714447636
1.0521542607,3.49898632553
0.950114235849,3.3944689451
0.809293226717,3.38464236507
0.611515738476,3.38539830598
0.523738580889,3.40408552137
0.548760511416,3.28709717604
0.60690793956,3.2943635858
0.564830266055,3.29800325398
0.527780542495,3.25137600635
0.473684420227,3.13742132297
0.432025366695,3.10539323969
0.407349744493,3.16908762635
0.402021012433,3.19474883495
0.358591310895,3.18777569212
0.384022595897,3.20977163688
0.416245154185,3.16923337384
0.53128707635,3.34891842595
0.5708478338,3.35681830698
0.671341898239,3.51906053191
0.731568683206,3.43108571842
0.849607010309,3.37241851996
1.1195712279,3.5339434275
1.12195834791,3.49449289345
0.963546647834,3.38751909221
0.63400089539,3.19020607168
0.521175766017,3.34188296169
0.490135952616,3.54960476777
0.420347247619,3.42802710855
0.415631499522,3.43728588507
0.363003348751,3.32832851066
0.321344126126,3.24058517566
0.300575463203,3.11630874167
0.268714631148,2.94911023058
0.250829957228,3.07868996027
0.291540751391,3.33649445988
0.246174276316,3.38127217413
0.201489830961,3.1997780853
0.201056319272,2.97579680133
0.246714672256,2.74342840792
0.348143864542,2.86755460534
0.38203,3.07190378961
0.393358562664,3.15226799679
0.363206187175,3.11854824286
0.4043803125,3.12199658958
0.471906239669,2.97234551051
0.452866997389,3.13162651274
0.297217937337,3.132002105
0.264664455535,3.26499445119
0.24554706422,3.00098401425
0.264469745455,3.27225958821
0.278879244043,2.95761674604
0.275941279352,2.91309455816
0.30589580895,3.09731672292
0.303919965724,3.0827777226
0.28104787415,3.05613833738
0.260093284229,3.11703096772
0.256337251223,2.93447612378
0.254379656616,3.01411567696
0.269574747648,3.07679161751
0.253935185185,3.02706668377
0.237761086957,2.89635824061
0.295940517241,2.82064596201
0.357528494078,3.04351505961
0.485574263914,3.2287551552
0.834346540643,3.39934822573
1.08795291139,3.50479003642
1.62025456077,4.16902023016
1.38851130184,4.10005010564
0.75221313745,3.58210299875
0.45568801564,3.51586088522
0.382318803922,3.52535763438
0.331613692308,3.30767664982
